[El/Fe]      Z            FDU          TDU_1        TDU_2        TDU_3        
C            6            -1.31628E-01 -1.46221E-01 -3.05598E-02 2.86862E-02  
N            7            2.90398E-01  3.11891E-01  3.13545E-01  3.15530E-01  
O            8            0.00000E+00  0.00000E+00  0.00000E+00  0.00000E+00  
F            9            0.00000E+00  0.00000E+00  0.00000E+00  1.90122E-02  
Ne           10           0.00000E+00  0.00000E+00  0.00000E+00  0.00000E+00  
Na           11           1.27168E-02  2.17187E-02  2.48055E-02  2.70692E-02  
Mg           12           0.00000E+00  0.00000E+00  0.00000E+00  0.00000E+00  
Al           13           0.00000E+00  0.00000E+00  0.00000E+00  0.00000E+00  
Si           14           0.00000E+00  0.00000E+00  0.00000E+00  0.00000E+00  
P            15           0.00000E+00  0.00000E+00  0.00000E+00  0.00000E+00  
S            16           0.00000E+00  0.00000E+00  0.00000E+00  0.00000E+00  
Cl           17           0.00000E+00  0.00000E+00  0.00000E+00  0.00000E+00  
Ar           18           0.00000E+00  0.00000E+00  0.00000E+00  0.00000E+00  
K            19           0.00000E+00  0.00000E+00  0.00000E+00  0.00000E+00  
Ca           20           0.00000E+00  0.00000E+00  0.00000E+00  0.00000E+00  
Sc           21           0.00000E+00  0.00000E+00  0.00000E+00  0.00000E+00  
Ti           22           0.00000E+00  0.00000E+00  0.00000E+00  0.00000E+00  
V            23           0.00000E+00  0.00000E+00  0.00000E+00  0.00000E+00  
Cr           24           0.00000E+00  0.00000E+00  0.00000E+00  0.00000E+00  
Mn           25           0.00000E+00  0.00000E+00  0.00000E+00  0.00000E+00  
Fe           26           0.00000E+00  0.00000E+00  0.00000E+00  0.00000E+00  
Co           27           0.00000E+00  0.00000E+00  0.00000E+00  0.00000E+00  
Ni           28           0.00000E+00  0.00000E+00  0.00000E+00  0.00000E+00  
Cu           29           0.00000E+00  0.00000E+00  0.00000E+00  0.00000E+00  
Zn           30           0.00000E+00  0.00000E+00  0.00000E+00  0.00000E+00  
Ga           31           0.00000E+00  0.00000E+00  0.00000E+00  0.00000E+00  
Ge           32           0.00000E+00  0.00000E+00  0.00000E+00  0.00000E+00  
As           33           0.00000E+00  0.00000E+00  0.00000E+00  0.00000E+00  
Se           34           0.00000E+00  0.00000E+00  0.00000E+00  0.00000E+00  
Br           35           0.00000E+00  0.00000E+00  0.00000E+00  0.00000E+00  
Kr           36           0.00000E+00  0.00000E+00  0.00000E+00  1.11614E-02  
Rb           37           0.00000E+00  0.00000E+00  1.30243E-02  2.03520E-02  
Sr           38           0.00000E+00  0.00000E+00  6.00372E-02  1.10852E-01  
Y            39           0.00000E+00  0.00000E+00  6.86057E-02  1.21933E-01  
Zr           40           0.00000E+00  0.00000E+00  7.45428E-02  1.33157E-01  
Nb           41           0.00000E+00  0.00000E+00  0.00000E+00  1.12900E-02  
Mo           42           0.00000E+00  0.00000E+00  4.04422E-02  8.15189E-02  
Tc           43           \N           \N           \N           \N           
Ru           44           0.00000E+00  0.00000E+00  3.02488E-02  6.31405E-02  
Rh           45           0.00000E+00  0.00000E+00  1.45654E-02  2.98894E-02  
Pd           46           0.00000E+00  0.00000E+00  4.81224E-02  9.25364E-02  
Ag           47           0.00000E+00  0.00000E+00  1.44733E-02  2.95943E-02  
Cd           48           0.00000E+00  0.00000E+00  6.54662E-02  1.21547E-01  
In           49           0.00000E+00  0.00000E+00  4.24921E-02  8.14862E-02  
Sn           50           0.00000E+00  0.00000E+00  7.52544E-02  1.40053E-01  
Sb           51           0.00000E+00  0.00000E+00  3.52272E-02  6.49543E-02  
Te           52           0.00000E+00  0.00000E+00  2.27026E-02  4.72916E-02  
I            53           0.00000E+00  0.00000E+00  0.00000E+00  1.33874E-02  
Xe           54           0.00000E+00  0.00000E+00  2.52769E-02  5.10262E-02  
Cs           55           0.00000E+00  0.00000E+00  5.34240E-02  9.15213E-02  
Ba           56           0.00000E+00  0.00000E+00  1.11636E-01  2.30756E-01  
La           57           0.00000E+00  0.00000E+00  9.51700E-02  2.08967E-01  
Ce           58           0.00000E+00  0.00000E+00  8.27622E-02  2.02406E-01  
Pr           59           0.00000E+00  0.00000E+00  5.67080E-02  1.31354E-01  
Nd           60           0.00000E+00  0.00000E+00  5.09045E-02  1.41105E-01  
Pm           61           \N           \N           \N           \N           
Sm           62           0.00000E+00  0.00000E+00  2.60312E-02  7.79028E-02  
Eu           63           0.00000E+00  0.00000E+00  0.00000E+00  1.51822E-02  
Gd           64           0.00000E+00  0.00000E+00  1.36497E-02  3.92025E-02  
Tb           65           0.00000E+00  0.00000E+00  0.00000E+00  2.20594E-02  
Dy           66           0.00000E+00  0.00000E+00  1.21695E-02  4.09691E-02  
Ho           67           0.00000E+00  0.00000E+00  0.00000E+00  1.77345E-02  
Er           68           0.00000E+00  0.00000E+00  1.13906E-02  3.97668E-02  
Tm           69           0.00000E+00  0.00000E+00  0.00000E+00  2.39660E-02  
Yb           70           0.00000E+00  0.00000E+00  2.75515E-02  8.88689E-02  
Lu           71           0.00000E+00  0.00000E+00  1.38100E-02  5.73151E-02  
Hf           72           0.00000E+00  0.00000E+00  3.68268E-02  1.09677E-01  
Ta           73           0.00000E+00  0.00000E+00  2.60518E-02  8.89150E-02  
W            74           0.00000E+00  0.00000E+00  3.25128E-02  1.12229E-01  
Re           75           -1.31736E-01 -1.33145E-01 -1.20598E-01 -8.93676E-02 
Os           76           0.00000E+00  0.00000E+00  1.50506E-02  3.20903E-02  
Ir           77           0.00000E+00  0.00000E+00  0.00000E+00  0.00000E+00  
Pt           78           0.00000E+00  0.00000E+00  0.00000E+00  1.13796E-02  
Au           79           0.00000E+00  0.00000E+00  0.00000E+00  0.00000E+00  
Hg           80           0.00000E+00  0.00000E+00  2.06038E-02  8.60505E-02  
Tl           81           0.00000E+00  0.00000E+00  2.21251E-02  1.02191E-01  
Pb           82           0.00000E+00  0.00000E+00  0.00000E+00  3.87083E-02  
Bi           83           0.00000E+00  0.00000E+00  0.00000E+00  0.00000E+00  
