[El/Fe]      Z            FDU          TDU_1        TDU_2        TDU_3        
C            6            -1.35098E-01 0.00000E+00  2.66972E-01  4.00171E-01  
N            7            2.95144E-01  3.21464E-01  3.22335E-01  3.24149E-01  
O            8            0.00000E+00  0.00000E+00  0.00000E+00  0.00000E+00  
F            9            0.00000E+00  0.00000E+00  6.14375E-02  1.16037E-01  
Ne           10           0.00000E+00  0.00000E+00  2.44024E-02  4.29319E-02  
Na           11           1.51628E-02  3.21610E-02  3.89911E-02  4.47276E-02  
Mg           12           0.00000E+00  0.00000E+00  0.00000E+00  0.00000E+00  
Al           13           0.00000E+00  0.00000E+00  0.00000E+00  0.00000E+00  
Si           14           0.00000E+00  0.00000E+00  0.00000E+00  0.00000E+00  
P            15           0.00000E+00  0.00000E+00  0.00000E+00  0.00000E+00  
S            16           0.00000E+00  0.00000E+00  0.00000E+00  0.00000E+00  
Cl           17           0.00000E+00  0.00000E+00  0.00000E+00  0.00000E+00  
Ar           18           0.00000E+00  0.00000E+00  0.00000E+00  0.00000E+00  
K            19           0.00000E+00  0.00000E+00  0.00000E+00  0.00000E+00  
Ca           20           0.00000E+00  0.00000E+00  0.00000E+00  0.00000E+00  
Sc           21           0.00000E+00  0.00000E+00  0.00000E+00  1.22977E-02  
Ti           22           0.00000E+00  0.00000E+00  0.00000E+00  0.00000E+00  
V            23           0.00000E+00  0.00000E+00  0.00000E+00  0.00000E+00  
Cr           24           0.00000E+00  0.00000E+00  0.00000E+00  0.00000E+00  
Mn           25           0.00000E+00  0.00000E+00  0.00000E+00  0.00000E+00  
Fe           26           0.00000E+00  0.00000E+00  0.00000E+00  0.00000E+00  
Co           27           0.00000E+00  0.00000E+00  1.33630E-02  1.96241E-02  
Ni           28           0.00000E+00  0.00000E+00  0.00000E+00  0.00000E+00  
Cu           29           0.00000E+00  0.00000E+00  1.67203E-02  2.40459E-02  
Zn           30           0.00000E+00  0.00000E+00  0.00000E+00  0.00000E+00  
Ga           31           0.00000E+00  0.00000E+00  1.39436E-02  2.30613E-02  
Ge           32           0.00000E+00  0.00000E+00  1.56049E-02  2.57994E-02  
As           33           0.00000E+00  0.00000E+00  1.39040E-02  2.30900E-02  
Se           34           0.00000E+00  0.00000E+00  2.47231E-02  3.94853E-02  
Br           35           0.00000E+00  0.00000E+00  1.40189E-02  2.58156E-02  
Kr           36           0.00000E+00  0.00000E+00  3.27222E-02  5.30358E-02  
Rb           37           0.00000E+00  1.59388E-02  6.25694E-02  8.77041E-02  
Sr           38           0.00000E+00  5.93183E-02  2.65363E-01  3.88448E-01  
Y            39           0.00000E+00  7.14009E-02  2.97092E-01  4.20202E-01  
Zr           40           0.00000E+00  7.71649E-02  3.22946E-01  4.56879E-01  
Nb           41           0.00000E+00  0.00000E+00  2.17885E-02  7.19512E-02  
Mo           42           0.00000E+00  3.97301E-02  2.20300E-01  3.36544E-01  
Tc           43           \N           \N           \N           \N           
Ru           44           0.00000E+00  2.58523E-02  1.73104E-01  2.80531E-01  
Rh           45           0.00000E+00  1.22215E-02  8.49286E-02  1.43871E-01  
Pd           46           0.00000E+00  4.26287E-02  2.28856E-01  3.53098E-01  
Ag           47           0.00000E+00  1.29059E-02  8.14537E-02  1.38555E-01  
Cd           48           0.00000E+00  6.12703E-02  2.93062E-01  4.31332E-01  
In           49           0.00000E+00  3.90689E-02  2.09984E-01  3.21916E-01  
Sn           50           0.00000E+00  7.24274E-02  3.43322E-01  4.94025E-01  
Sb           51           0.00000E+00  3.46401E-02  1.81645E-01  2.72556E-01  
Te           52           0.00000E+00  2.08404E-02  1.38723E-01  2.26999E-01  
I            53           0.00000E+00  0.00000E+00  4.30106E-02  7.61926E-02  
Xe           54           0.00000E+00  2.28010E-02  1.47856E-01  2.39588E-01  
Cs           55           0.00000E+00  4.76445E-02  2.54152E-01  3.44133E-01  
Ba           56           0.00000E+00  9.29658E-02  5.77700E-01  8.05624E-01  
La           57           0.00000E+00  7.65342E-02  5.65200E-01  7.96946E-01  
Ce           58           0.00000E+00  6.24886E-02  6.01805E-01  8.52304E-01  
Pr           59           0.00000E+00  4.32734E-02  4.48142E-01  6.52991E-01  
Nd           60           0.00000E+00  3.69620E-02  4.98431E-01  7.35048E-01  
Pm           61           \N           \N           \N           \N           
Sm           62           0.00000E+00  1.95095E-02  3.30257E-01  5.26764E-01  
Eu           63           0.00000E+00  0.00000E+00  8.30485E-02  1.54864E-01  
Gd           64           0.00000E+00  1.03199E-02  1.96169E-01  3.40274E-01  
Tb           65           0.00000E+00  0.00000E+00  1.18101E-01  2.24538E-01  
Dy           66           0.00000E+00  0.00000E+00  1.97220E-01  3.50140E-01  
Ho           67           0.00000E+00  0.00000E+00  9.98673E-02  1.91716E-01  
Er           68           0.00000E+00  0.00000E+00  2.08653E-01  3.64520E-01  
Tm           69           0.00000E+00  0.00000E+00  1.31095E-01  2.53032E-01  
Yb           70           0.00000E+00  1.82721E-02  4.00388E-01  6.16660E-01  
Lu           71           0.00000E+00  0.00000E+00  2.96846E-01  4.93578E-01  
Hf           72           0.00000E+00  2.49268E-02  4.65195E-01  6.94751E-01  
Ta           73           0.00000E+00  1.74975E-02  4.01205E-01  6.27520E-01  
W            74           0.00000E+00  2.19626E-02  4.83450E-01  7.24020E-01  
Re           75           -1.25937E-01 -1.19438E-01 1.27867E-01  2.69580E-01  
Os           76           0.00000E+00  1.24814E-02  1.58633E-01  2.81081E-01  
Ir           77           0.00000E+00  0.00000E+00  2.12689E-02  4.66795E-02  
Pt           78           0.00000E+00  0.00000E+00  7.55263E-02  1.56280E-01  
Au           79           0.00000E+00  0.00000E+00  6.57226E-02  1.34219E-01  
Hg           80           0.00000E+00  1.20677E-02  4.44488E-01  6.87268E-01  
Tl           81           0.00000E+00  1.34335E-02  5.39819E-01  8.04716E-01  
Pb           82           0.00000E+00  0.00000E+00  3.45690E-01  5.87941E-01  
Bi           83           0.00000E+00  0.00000E+00  1.46295E-02  3.62598E-02  
