[El/Fe]      Z            FDU          TDU_1        TDU_2        TDU_3        TDU_4        
C            6            -1.41E-01    -9.89E-02    -1.27E-02    8.83E-02     1.74E-01     
N            7            3.04E-01     3.14E-01     3.14E-01     3.14E-01     3.14E-01     
O            8            0.00000E+00  0.00000E+00  0.00000E+00  0.00000E+00  0.00000E+00  
F            9            0.00000E+00  1.03E-02     3.58E-02     7.74E-02     1.26E-01     
Ne           10           0.00000E+00  0.00000E+00  1.83E-02     3.80E-02     5.92E-02     
Na           11           2.08E-02     2.66E-02     3.29E-02     4.21E-02     5.23E-02     
Mg           12           0.00000E+00  0.00000E+00  0.00000E+00  0.00000E+00  0.00000E+00  
Al           13           0.00000E+00  0.00000E+00  0.00000E+00  0.00000E+00  0.00000E+00  
Si           14           0.00000E+00  0.00000E+00  0.00000E+00  0.00000E+00  0.00000E+00  
P            15           0.00000E+00  0.00000E+00  0.00000E+00  0.00000E+00  0.00000E+00  
S            16           0.00000E+00  0.00000E+00  0.00000E+00  0.00000E+00  0.00000E+00  
Cl           17           0.00000E+00  0.00000E+00  0.00000E+00  0.00000E+00  0.00000E+00  
Ar           18           0.00000E+00  0.00000E+00  0.00000E+00  0.00000E+00  0.00000E+00  
K            19           0.00000E+00  0.00000E+00  0.00000E+00  0.00000E+00  0.00000E+00  
Ca           20           0.00000E+00  0.00000E+00  0.00000E+00  0.00000E+00  0.00000E+00  
Sc           21           0.00000E+00  0.00000E+00  0.00000E+00  1.02E-02     1.43E-02     
Ti           22           0.00000E+00  0.00000E+00  0.00000E+00  0.00000E+00  0.00000E+00  
V            23           0.00000E+00  0.00000E+00  0.00000E+00  0.00000E+00  0.00000E+00  
Cr           24           0.00000E+00  0.00000E+00  0.00000E+00  0.00000E+00  0.00000E+00  
Mn           25           0.00000E+00  0.00000E+00  0.00000E+00  0.00000E+00  0.00000E+00  
Fe           26           0.00E+00     0.00E+00     0.00E+00     0.00E+00     0.00E+00     
Co           27           0.00000E+00  0.00000E+00  0.00000E+00  1.64E-02     2.24E-02     
Ni           28           0.00000E+00  0.00000E+00  0.00000E+00  0.00000E+00  0.00000E+00  
Cu           29           0.00000E+00  0.00000E+00  1.37E-02     2.55E-02     3.55E-02     
Zn           30           0.00000E+00  0.00000E+00  0.00000E+00  0.00000E+00  1.26E-02     
Ga           31           0.00000E+00  0.00000E+00  2.01E-02     4.40E-02     6.75E-02     
Ge           32           0.00000E+00  0.00000E+00  2.24E-02     4.88E-02     7.48E-02     
As           33           0.00000E+00  0.00000E+00  1.97E-02     4.35E-02     6.72E-02     
Se           34           0.00000E+00  0.00000E+00  3.14E-02     6.84E-02     1.04E-01     
Br           35           0.00000E+00  0.00000E+00  1.84E-02     4.30E-02     7.04E-02     
Kr           36           0.00000E+00  0.00000E+00  2.96E-02     6.86E-02     1.08E-01     
Rb           37           0.00000E+00  1.33E-02     4.83E-02     8.95E-02     1.25E-01     
Sr           38           0.00000E+00  2.01E-02     1.47E-01     3.36E-01     4.88E-01     
Y            39           0.00000E+00  1.59E-02     1.25E-01     2.96E-01     4.37E-01     
Zr           40           0.00000E+00  0.00000E+00  9.42E-02     2.54E-01     3.93E-01     
Nb           41           0.00000E+00  0.00000E+00  0.00000E+00  1.73E-02     4.40E-02     
Mo           42           0.00000E+00  0.00000E+00  4.22E-02     1.41E-01     2.42E-01     
Tc           43           \N           \N           \N           \N           \N           
Ru           44           0.00000E+00  0.00000E+00  3.09E-02     1.09E-01     1.95E-01     
Rh           45           0.00000E+00  0.00000E+00  1.36E-02     5.12E-02     9.53E-02     
Pd           46           0.00000E+00  0.00000E+00  4.08E-02     1.41E-01     2.44E-01     
Ag           47           0.00000E+00  0.00000E+00  1.15E-02     4.46E-02     8.48E-02     
Cd           48           0.00000E+00  0.00000E+00  4.64E-02     1.59E-01     2.71E-01     
In           49           0.00000E+00  0.00000E+00  2.87E-02     1.05E-01     1.87E-01     
Sn           50           0.00000E+00  0.00000E+00  3.99E-02     1.47E-01     2.58E-01     
Sb           51           0.00000E+00  0.00000E+00  1.38E-02     5.40E-02     1.02E-01     
Te           52           0.00000E+00  0.00000E+00  0.00000E+00  4.27E-02     8.46E-02     
I            53           0.00000E+00  0.00000E+00  0.00000E+00  1.04E-02     2.24E-02     
Xe           54           0.00000E+00  0.00000E+00  0.00000E+00  3.83E-02     7.66E-02     
Cs           55           0.00000E+00  0.00000E+00  1.50E-02     4.80E-02     8.49E-02     
Ba           56           0.00000E+00  0.00000E+00  2.14E-02     1.07E-01     2.08E-01     
La           57           0.00000E+00  0.00000E+00  1.23E-02     7.13E-02     1.47E-01     
Ce           58           0.00000E+00  0.00000E+00  0.00000E+00  5.42E-02     1.19E-01     
Pr           59           0.00000E+00  0.00000E+00  0.00000E+00  2.74E-02     6.18E-02     
Nd           60           0.00000E+00  0.00000E+00  0.00000E+00  3.06E-02     7.11E-02     
Pm           61           \N           \N           \N           \N           \N           
Sm           62           0.00000E+00  0.00000E+00  0.00000E+00  1.37E-02     3.34E-02     
Eu           63           0.00000E+00  0.00000E+00  0.00000E+00  0.00000E+00  0.00000E+00  
Gd           64           0.00000E+00  0.00000E+00  0.00000E+00  0.00000E+00  1.61E-02     
Tb           65           0.00000E+00  0.00000E+00  0.00000E+00  0.00000E+00  0.00000E+00  
Dy           66           0.00000E+00  0.00000E+00  0.00000E+00  0.00000E+00  1.76E-02     
Ho           67           0.00000E+00  0.00000E+00  0.00000E+00  0.00000E+00  0.00000E+00  
Er           68           0.00000E+00  0.00000E+00  0.00000E+00  0.00000E+00  1.78E-02     
Tm           69           0.00000E+00  0.00000E+00  0.00000E+00  0.00000E+00  0.00000E+00  
Yb           70           0.00000E+00  0.00000E+00  0.00000E+00  1.70E-02     4.05E-02     
Lu           71           0.00000E+00  0.00000E+00  0.00000E+00  0.00000E+00  1.67E-02     
Hf           72           0.00000E+00  0.00000E+00  0.00000E+00  2.31E-02     5.28E-02     
Ta           73           0.00000E+00  0.00000E+00  0.00000E+00  1.59E-02     3.79E-02     
W            74           0.00000E+00  0.00000E+00  0.00000E+00  2.15E-02     4.99E-02     
Re           75           -1.28E-01    -1.30E-01    -1.29E-01    -1.25E-01    -1.17E-01    
Os           76           0.00000E+00  0.00000E+00  0.00000E+00  1.11E-02     1.64E-02     
Ir           77           0.00000E+00  0.00000E+00  0.00000E+00  0.00000E+00  0.00000E+00  
Pt           78           0.00000E+00  0.00000E+00  0.00000E+00  0.00000E+00  0.00000E+00  
Au           79           0.00000E+00  0.00000E+00  0.00000E+00  0.00000E+00  0.00000E+00  
Hg           80           0.00000E+00  0.00000E+00  0.00000E+00  1.98E-02     4.48E-02     
Tl           81           0.00000E+00  0.00000E+00  0.00000E+00  2.31E-02     5.51E-02     
Pb           82           0.00000E+00  0.00000E+00  0.00000E+00  0.00000E+00  1.96E-02     
Bi           83           0.00000E+00  0.00000E+00  0.00000E+00  0.00000E+00  0.00000E+00  
