[El/Fe]      Z            FDU          TDU_1        TDU_2        TDU_3        TDU_4        TDU_5        
C            6            -1.53E-01    -9.96E-02    5.37E-02     2.32E-01     3.84E-01     4.92E-01     
N            7            3.20E-01     3.25E-01     3.25E-01     3.25E-01     3.24E-01     3.24E-01     
O            8            -1.77E-04    -3.62E-04    6.28E-04     2.54E-03     4.81E-03     6.55E-03     
F            9            3.55E-04     7.38E-03     8.67E-02     2.11E-01     3.26E-01     4.13E-01     
Ne           10           -1.01E-03    2.35E-03     1.71E-02     4.54E-02     8.08E-02     1.15E-01     
Na           11           3.29E-02     3.79E-02     4.43E-02     5.52E-02     6.78E-02     8.04E-02     
Mg           12           4.58E-07     8.03E-05     4.50E-04     1.30E-03     2.64E-03     4.21E-03     
Al           13           4.58E-07     6.76E-04     1.50E-03     2.90E-03     4.80E-03     6.65E-03     
Si           14           4.58E-07     2.06E-05     1.40E-04     3.30E-04     5.43E-04     7.12E-04     
P            15           4.58E-07     3.04E-04     2.09E-03     5.06E-03     8.61E-03     1.13E-02     
S            16           4.58E-07     1.52E-06     2.87E-05     8.37E-05     1.57E-04     2.18E-04     
Cl           17           3.38E-07     4.29E-04     2.81E-03     6.83E-03     1.13E-02     1.51E-02     
Ar           18           8.65E-07     -3.33E-05    -1.39E-04    -2.76E-04    -3.98E-04    -4.99E-04    
K            19           -3.94E-04    -1.63E-04    9.08E-04     2.63E-03     4.59E-03     6.29E-03     
Ca           20           2.26E-05     -2.07E-05    -1.66E-04    -3.48E-04    -5.08E-04    -6.35E-04    
Sc           21           4.58E-07     1.37E-03     5.53E-03     1.15E-02     1.83E-02     2.40E-02     
Ti           22           4.58E-07     5.77E-05     4.34E-04     1.07E-03     1.90E-03     2.54E-03     
V            23           4.58E-07     -1.11E-04    -4.48E-04    -7.85E-04    -9.23E-04    -8.60E-04    
Cr           24           4.58E-07     4.55E-07     6.08E-06     2.31E-05     4.72E-05     6.48E-05     
Mn           25           1.34E-08     -2.26E-05    -1.50E-04    -1.25E-04    2.07E-04     8.12E-04     
Fe           26           0.00E+00     0.00E+00     0.00E+00     0.00E+00     0.00E+00     0.00E+00     
Co           27           4.58E-07     2.24E-03     1.18E-02     2.48E-02     3.72E-02     4.69E-02     
Ni           28           4.58E-07     4.69E-05     6.79E-04     1.76E-03     2.92E-03     3.80E-03     
Cu           29           4.58E-07     2.65E-03     1.86E-02     4.17E-02     6.51E-02     8.30E-02     
Zn           30           4.58E-07     4.63E-04     5.52E-03     1.67E-02     3.10E-02     4.25E-02     
Ga           31           4.58E-07     2.82E-03     2.60E-02     7.16E-02     1.28E-01     1.68E-01     
Ge           32           4.58E-07     2.80E-03     2.29E-02     6.18E-02     1.13E-01     1.49E-01     
As           33           -3.54E-08    1.81E-03     1.42E-02     3.82E-02     7.19E-02     9.63E-02     
Se           34           3.73E-07     4.16E-03     2.91E-02     7.14E-02     1.28E-01     1.64E-01     
Br           35           -3.28E-08    2.14E-03     1.50E-02     3.96E-02     7.79E-02     1.07E-01     
Kr           36           4.58E-07     4.83E-03     3.05E-02     7.43E-02     1.36E-01     1.78E-01     
Rb           37           4.58E-07     1.14E-02     5.27E-02     9.62E-02     1.45E-01     1.77E-01     
Sr           38           4.58E-07     2.12E-02     9.87E-02     2.12E-01     3.75E-01     4.62E-01     
Y            39           4.58E-07     1.92E-02     8.69E-02     1.74E-01     2.96E-01     3.66E-01     
Zr           40           4.58E-07     1.18E-02     5.46E-02     1.13E-01     2.04E-01     2.59E-01     
Nb           41           4.58E-07     4.51E-04     2.45E-03     7.76E-03     1.75E-02     3.01E-02     
Mo           42           2.93E-07     3.27E-03     2.00E-02     4.59E-02     9.07E-02     1.21E-01     
Tc           43           \N           \N           \N           \N           \N           \N           
Ru           44           4.58E-07     1.70E-03     1.16E-02     2.79E-02     5.81E-02     7.98E-02     
Rh           45           4.58E-07     6.92E-04     4.67E-03     1.13E-02     2.45E-02     3.38E-02     
Pd           46           1.67E-07     2.91E-03     1.52E-02     3.62E-02     7.66E-02     1.05E-01     
Ag           47           4.58E-07     6.06E-04     3.14E-03     7.64E-03     1.76E-02     2.47E-02     
Cd           48           3.31E-07     3.59E-03     1.70E-02     3.92E-02     8.12E-02     1.11E-01     
In           49           4.58E-07     1.99E-03     1.00E-02     2.31E-02     4.86E-02     6.69E-02     
Sn           50           4.58E-07     2.65E-03     1.53E-02     3.58E-02     7.19E-02     9.77E-02     
Sb           51           4.58E-07     8.35E-04     4.51E-03     1.04E-02     2.14E-02     2.95E-02     
Te           52           4.21E-07     3.33E-04     2.85E-03     7.48E-03     1.67E-02     2.37E-02     
I            53           4.58E-07     -1.01E-04    -3.58E-05    1.44E-04     1.28E-03     1.81E-03     
Xe           54           4.58E-07     2.82E-04     2.27E-03     6.18E-03     1.41E-02     2.04E-02     
Cs           55           -3.64E-09    7.50E-04     3.83E-03     7.89E-03     1.54E-02     2.15E-02     
Ba           56           5.77E-08     7.44E-04     7.10E-03     1.93E-02     4.28E-02     6.08E-02     
La           57           4.58E-07     2.78E-04     3.93E-03     1.15E-02     2.76E-02     4.00E-02     
Ce           58           4.58E-07     1.34E-04     2.20E-03     6.83E-03     1.78E-02     2.65E-02     
Pr           59           4.58E-07     2.94E-05     8.67E-04     2.80E-03     7.79E-03     1.19E-02     
Nd           60           4.58E-07     2.79E-05     1.01E-03     3.30E-03     9.17E-03     1.39E-02     
Pm           61           \N           \N           \N           \N           \N           \N           
Sm           62           4.00E-07     -5.81E-05    1.09E-04     7.18E-04     2.86E-03     4.56E-03     
Eu           63           4.58E-07     -2.16E-04    -8.78E-04    -1.99E-03    -3.21E-03    -4.51E-03    
Gd           64           4.58E-07     -9.14E-05    -2.77E-04    -2.57E-04    6.41E-04     1.28E-03     
Tb           65           4.58E-07     -1.83E-04    -7.07E-04    -1.43E-03    -1.85E-03    -2.34E-03    
Dy           66           4.58E-07     -1.04E-04    -2.77E-04    -2.29E-04    7.39E-04     1.57E-03     
Ho           67           4.58E-07     -1.88E-04    -7.27E-04    -1.52E-03    -2.12E-03    -2.78E-03    
Er           68           4.58E-07     -8.32E-05    -1.81E-04    4.12E-05     1.33E-03     2.53E-03     
Tm           69           4.58E-07     -1.54E-04    -4.58E-04    -6.65E-04    -3.65E-05    6.43E-04     
Yb           70           4.58E-07     1.14E-04     7.63E-04     2.18E-03     5.60E-03     8.76E-03     
Lu           71           -2.35E-03    -2.39E-03    -2.43E-03    -2.46E-03    -1.75E-03    -1.27E-03    
Hf           72           4.81E-04     9.28E-04     2.16E-03     4.30E-03     8.61E-03     1.22E-02     
Ta           73           4.58E-07     2.49E-04     9.45E-04     2.15E-03     4.89E-03     7.12E-03     
W            74           4.58E-07     4.83E-04     1.80E-03     3.88E-03     7.91E-03     1.11E-02     
Re           75           -1.07E-01    -1.04E-01    -1.04E-01    -1.05E-01    -1.05E-01    -1.05E-01    
Os           76           7.17E-03     6.88E-03     6.52E-03     5.95E-03     5.44E-03     4.75E-03     
Ir           77           2.78E-07     -2.15E-04    -9.20E-04    -2.13E-03    -3.65E-03    -5.24E-03    
Pt           78           4.58E-07     -1.18E-04    -4.03E-04    -5.37E-04    -2.09E-04    2.12E-04     
Au           79           4.58E-07     -1.69E-04    -6.02E-04    -1.13E-03    -1.42E-03    -1.51E-03    
Hg           80           4.58E-07     6.09E-04     2.73E-03     5.99E-03     1.09E-02     1.54E-02     
Tl           81           4.58E-07     8.81E-04     3.43E-03     6.83E-03     1.14E-02     1.48E-02     
Pb           82           4.58E-07     1.05E-04     7.24E-04     1.73E-03     3.16E-03     4.31E-03     
Bi           83           4.58E-07     -6.05E-06    -5.97E-06    5.33E-07     2.65E-05     5.19E-05     
