[El/Fe]      Z            FDU          TDU_1        TDU_2        TDU_3        TDU_4        TDU_5        TDU_6        TDU_7        TDU_8        TDU_9        
C            6            -1.90E-01    1.05E+00     1.50E+00     1.75E+00     1.92E+00     2.04E+00     2.13E+00     2.20E+00     2.26E+00     2.30E+00     
N            7            3.63E-01     4.60E-01     4.67E-01     4.78E-01     4.94E-01     5.15E-01     5.38E-01     5.66E-01     5.97E-01     6.34E-01     
O            8            4.99E-01     5.08E-01     5.42E-01     5.82E-01     6.20E-01     6.52E-01     6.78E-01     6.99E-01     7.16E-01     7.28E-01     
F            9            0.00000E+00  4.58E-01     9.97E-01     1.32E+00     1.54E+00     1.70E+00     1.83E+00     1.93E+00     2.01E+00     2.07E+00     
Ne           10           4.77E-01     4.91E-01     5.92E-01     7.34E-01     8.77E-01     1.01E+00     1.12E+00     1.22E+00     1.30E+00     1.36E+00     
Na           11           8.48E-02     1.33E-01     1.59E-01     2.16E-01     3.01E-01     3.97E-01     4.91E-01     5.80E-01     6.61E-01     7.24E-01     
Mg           12           4.33E-01     4.34E-01     4.38E-01     4.44E-01     4.55E-01     4.70E-01     4.88E-01     5.09E-01     5.31E-01     5.51E-01     
Al           13           0.00000E+00  3.36E-02     6.74E-02     9.26E-02     1.09E-01     1.21E-01     1.29E-01     1.35E-01     1.41E-01     1.46E-01     
Si           14           4.76E-01     4.77E-01     4.78E-01     4.79E-01     4.80E-01     4.80E-01     4.81E-01     4.81E-01     4.82E-01     4.82E-01     
P            15           0.00000E+00  5.81E-02     1.34E-01     1.94E-01     2.39E-01     2.71E-01     2.94E-01     3.11E-01     3.25E-01     3.34E-01     
S            16           4.85E-01     4.85E-01     4.86E-01     4.86E-01     4.86E-01     4.87E-01     4.87E-01     4.87E-01     4.87E-01     4.87E-01     
Cl           17           0.00000E+00  0.00000E+00  0.00000E+00  1.21E-02     1.81E-02     2.46E-02     3.07E-02     3.65E-02     4.18E-02     4.60E-02     
Ar           18           4.52E-01     4.52E-01     4.52E-01     4.52E-01     4.52E-01     4.52E-01     4.51E-01     4.51E-01     4.51E-01     4.51E-01     
K            19           0.00000E+00  0.00000E+00  1.37E-02     2.06E-02     2.66E-02     3.19E-02     3.68E-02     4.16E-02     4.61E-02     4.98E-02     
Ca           20           4.91E-01     4.91E-01     4.91E-01     4.91E-01     4.90E-01     4.90E-01     4.90E-01     4.90E-01     4.89E-01     4.89E-01     
Sc           21           0.00000E+00  4.81E-02     8.85E-02     1.19E-01     1.43E-01     1.62E-01     1.79E-01     1.93E-01     2.06E-01     2.16E-01     
Ti           22           0.00000E+00  0.00000E+00  1.57E-02     2.45E-02     3.25E-02     3.91E-02     4.43E-02     4.86E-02     5.21E-02     5.45E-02     
V            23           0.00000E+00  0.00000E+00  0.00000E+00  0.00000E+00  0.00000E+00  0.00000E+00  0.00000E+00  1.05E-02     1.13E-02     1.19E-02     
Cr           24           0.00000E+00  0.00000E+00  0.00000E+00  0.00000E+00  0.00000E+00  0.00000E+00  0.00000E+00  0.00000E+00  0.00000E+00  0.00000E+00  
Mn           25           0.00000E+00  0.00000E+00  0.00000E+00  0.00000E+00  0.00000E+00  0.00000E+00  0.00000E+00  0.00000E+00  0.00000E+00  0.00000E+00  
Fe           26           0.00E+00     0.00E+00     0.00E+00     0.00E+00     0.00E+00     0.00E+00     0.00E+00     0.00E+00     0.00E+00     0.00E+00     
Co           27           0.00000E+00  0.00000E+00  1.80E-02     2.80E-02     3.96E-02     5.42E-02     7.14E-02     9.03E-02     1.10E-01     1.27E-01     
Ni           28           0.00000E+00  0.00000E+00  0.00000E+00  1.18E-02     1.39E-02     1.51E-02     1.60E-02     1.68E-02     1.76E-02     1.84E-02     
Cu           29           0.00000E+00  1.09E-01     2.07E-01     2.67E-01     3.01E-01     3.22E-01     3.36E-01     3.47E-01     3.58E-01     3.67E-01     
Zn           30           0.00000E+00  4.98E-02     1.10E-01     1.52E-01     1.77E-01     1.93E-01     2.01E-01     2.07E-01     2.11E-01     2.14E-01     
Ga           31           0.00000E+00  2.12E-01     3.88E-01     4.82E-01     5.33E-01     5.61E-01     5.78E-01     5.88E-01     5.95E-01     6.00E-01     
Ge           32           0.00000E+00  2.26E-01     4.05E-01     5.04E-01     5.58E-01     5.89E-01     6.07E-01     6.19E-01     6.26E-01     6.31E-01     
As           33           0.00000E+00  2.03E-01     3.70E-01     4.65E-01     5.18E-01     5.49E-01     5.67E-01     5.79E-01     5.86E-01     5.90E-01     
Se           34           0.00000E+00  2.78E-01     4.74E-01     5.75E-01     6.29E-01     6.60E-01     6.78E-01     6.89E-01     6.96E-01     7.00E-01     
Br           35           0.00000E+00  1.70E-01     3.23E-01     4.23E-01     4.88E-01     5.32E-01     5.62E-01     5.84E-01     6.00E-01     6.12E-01     
Kr           36           0.00000E+00  3.43E-01     5.82E-01     7.07E-01     7.72E-01     8.09E-01     8.30E-01     8.43E-01     8.52E-01     8.57E-01     
Rb           37           0.00000E+00  5.97E-01     8.55E-01     9.82E-01     1.05E+00     1.10E+00     1.12E+00     1.14E+00     1.15E+00     1.16E+00     
Sr           38           0.00000E+00  3.15E-01     6.46E-01     8.30E-01     9.44E-01     1.02E+00     1.07E+00     1.10E+00     1.12E+00     1.14E+00     
Y            39           0.00000E+00  2.46E-01     5.22E-01     7.00E-01     8.27E-01     9.18E-01     9.81E-01     1.03E+00     1.06E+00     1.08E+00     
Zr           40           0.00000E+00  1.92E-01     4.33E-01     6.00E-01     7.30E-01     8.25E-01     8.93E-01     9.44E-01     9.81E-01     1.00E+00     
Nb           41           0.00000E+00  0.00000E+00  3.13E-02     7.30E-02     1.26E-01     1.86E-01     2.45E-01     3.00E-01     3.50E-01     3.94E-01     
Mo           42           0.00000E+00  1.12E-01     2.90E-01     4.30E-01     5.48E-01     6.34E-01     6.97E-01     7.44E-01     7.79E-01     8.02E-01     
Tc           43           \N           \N           \N           \N           \N           \N           \N           \N           \N           \N           
Ru           44           0.00000E+00  9.07E-02     2.50E-01     3.78E-01     4.89E-01     5.70E-01     6.30E-01     6.75E-01     7.09E-01     7.31E-01     
Rh           45           0.00000E+00  4.12E-02     1.27E-01     2.05E-01     2.80E-01     3.37E-01     3.81E-01     4.15E-01     4.40E-01     4.56E-01     
Pd           46           0.00000E+00  1.10E-01     2.99E-01     4.46E-01     5.72E-01     6.60E-01     7.24E-01     7.72E-01     8.06E-01     8.28E-01     
Ag           47           0.00000E+00  3.44E-02     1.10E-01     1.85E-01     2.59E-01     3.16E-01     3.59E-01     3.93E-01     4.18E-01     4.35E-01     
Cd           48           0.00000E+00  1.34E-01     3.44E-01     5.06E-01     6.48E-01     7.47E-01     8.19E-01     8.71E-01     9.09E-01     9.33E-01     
In           49           0.00000E+00  8.52E-02     2.42E-01     3.76E-01     5.01E-01     5.92E-01     6.59E-01     7.08E-01     7.43E-01     7.66E-01     
Sn           50           0.00000E+00  1.64E-01     3.89E-01     5.55E-01     7.02E-01     8.05E-01     8.81E-01     9.37E-01     9.78E-01     1.00E+00     
Sb           51           0.00000E+00  7.98E-02     2.03E-01     3.13E-01     4.26E-01     5.13E-01     5.81E-01     6.33E-01     6.72E-01     6.98E-01     
Te           52           0.00000E+00  5.42E-02     1.57E-01     2.49E-01     3.44E-01     4.15E-01     4.69E-01     5.11E-01     5.42E-01     5.62E-01     
I            53           0.00000E+00  1.72E-02     5.39E-02     9.23E-02     1.37E-01     1.74E-01     2.04E-01     2.28E-01     2.46E-01     2.58E-01     
Xe           54           0.00000E+00  8.22E-02     2.06E-01     3.09E-01     4.10E-01     4.84E-01     5.41E-01     5.83E-01     6.15E-01     6.36E-01     
Cs           55           0.00000E+00  1.01E-01     2.53E-01     3.82E-01     5.18E-01     6.17E-01     6.91E-01     7.46E-01     7.86E-01     8.11E-01     
Ba           56           0.00000E+00  2.84E-01     6.52E-01     8.84E-01     1.09E+00     1.22E+00     1.31E+00     1.38E+00     1.43E+00     1.45E+00     
La           57           0.00000E+00  2.54E-01     6.32E-01     8.73E-01     1.09E+00     1.23E+00     1.32E+00     1.39E+00     1.44E+00     1.47E+00     
Ce           58           0.00000E+00  2.24E-01     6.57E-01     9.27E-01     1.17E+00     1.31E+00     1.41E+00     1.48E+00     1.53E+00     1.57E+00     
Pr           59           0.00000E+00  1.36E-01     4.83E-01     7.37E-01     9.78E-01     1.13E+00     1.23E+00     1.31E+00     1.36E+00     1.40E+00     
Nd           60           0.00000E+00  2.03E-01     5.89E-01     8.44E-01     1.08E+00     1.22E+00     1.32E+00     1.39E+00     1.44E+00     1.48E+00     
Pm           61           \N           \N           \N           \N           \N           \N           \N           \N           \N           \N           
Sm           62           0.00000E+00  1.86E-01     4.80E-01     6.87E-01     8.85E-01     1.01E+00     1.11E+00     1.18E+00     1.23E+00     1.26E+00     
Eu           63           0.00000E+00  4.39E-02     1.44E-01     2.44E-01     3.61E-01     4.50E-01     5.19E-01     5.72E-01     6.13E-01     6.39E-01     
Gd           64           0.00000E+00  1.14E-01     3.04E-01     4.65E-01     6.37E-01     7.59E-01     8.48E-01     9.16E-01     9.67E-01     9.99E-01     
Tb           65           0.00000E+00  6.62E-02     1.96E-01     3.16E-01     4.50E-01     5.51E-01     6.27E-01     6.87E-01     7.32E-01     7.61E-01     
Dy           66           0.00000E+00  1.17E-01     3.22E-01     4.82E-01     6.43E-01     7.53E-01     8.35E-01     8.96E-01     9.43E-01     9.73E-01     
Ho           67           0.00000E+00  6.18E-02     1.94E-01     3.10E-01     4.37E-01     5.28E-01     5.96E-01     6.48E-01     6.88E-01     7.13E-01     
Er           68           0.00000E+00  1.38E-01     3.67E-01     5.40E-01     7.14E-01     8.30E-01     9.13E-01     9.75E-01     1.02E+00     1.05E+00     
Tm           69           0.00000E+00  8.81E-02     2.63E-01     4.05E-01     5.52E-01     6.52E-01     7.25E-01     7.82E-01     8.24E-01     8.52E-01     
Yb           70           0.00000E+00  2.83E-01     6.20E-01     8.40E-01     1.04E+00     1.17E+00     1.26E+00     1.32E+00     1.37E+00     1.40E+00     
Lu           71           0.00000E+00  2.09E-01     5.16E-01     7.23E-01     9.11E-01     1.03E+00     1.11E+00     1.18E+00     1.22E+00     1.25E+00     
Hf           72           0.00000E+00  3.73E-01     7.37E-01     9.62E-01     1.16E+00     1.29E+00     1.38E+00     1.45E+00     1.50E+00     1.53E+00     
Ta           73           0.00000E+00  3.33E-01     6.91E-01     9.13E-01     1.11E+00     1.23E+00     1.32E+00     1.39E+00     1.43E+00     1.46E+00     
W            74           0.00000E+00  4.22E-01     8.07E-01     1.04E+00     1.23E+00     1.36E+00     1.45E+00     1.51E+00     1.56E+00     1.59E+00     
Re           75           -8.91E-02    1.25E-01     3.89E-01     5.85E-01     7.74E-01     8.99E-01     9.86E-01     1.05E+00     1.10E+00     1.13E+00     
Os           76           0.00000E+00  1.49E-01     3.43E-01     4.95E-01     6.48E-01     7.56E-01     8.35E-01     8.93E-01     9.37E-01     9.65E-01     
Ir           77           0.00000E+00  2.36E-02     6.61E-02     1.11E-01     1.67E-01     2.16E-01     2.56E-01     2.88E-01     3.14E-01     3.31E-01     
Pt           78           0.00000E+00  9.55E-02     2.28E-01     3.38E-01     4.53E-01     5.40E-01     6.05E-01     6.56E-01     6.95E-01     7.20E-01     
Au           79           0.00000E+00  8.59E-02     2.16E-01     3.24E-01     4.36E-01     5.17E-01     5.78E-01     6.24E-01     6.60E-01     6.83E-01     
Hg           80           0.00000E+00  4.85E-01     8.82E-01     1.10E+00     1.29E+00     1.41E+00     1.49E+00     1.55E+00     1.60E+00     1.63E+00     
Tl           81           0.00000E+00  5.17E-01     9.61E-01     1.21E+00     1.41E+00     1.54E+00     1.62E+00     1.68E+00     1.73E+00     1.76E+00     
Pb           82           0.00000E+00  1.18E+00     1.88E+00     2.23E+00     2.44E+00     2.57E+00     2.66E+00     2.73E+00     2.77E+00     2.80E+00     
Bi           83           0.00000E+00  7.59E-01     1.25E+00     1.54E+00     1.74E+00     1.88E+00     1.98E+00     2.06E+00     2.12E+00     2.15E+00     
