[El/Fe]      Z            FDU          TDU_1        TDU_2        TDU_3        TDU_4        TDU_5        TDU_6        
C            6            -1.53E-01    -1.01E-01    5.37E-02     2.37E-01     3.82E-01     4.85E-01     4.94E-01     
N            7            3.20E-01     3.25E-01     3.25E-01     3.25E-01     3.25E-01     3.25E-01     3.27E-01     
O            8            0.00000E+00  0.00000E+00  0.00000E+00  0.00000E+00  0.00000E+00  0.00000E+00  0.00000E+00  
F            9            0.00000E+00  0.00000E+00  7.88E-02     2.02E-01     3.14E-01     3.98E-01     4.05E-01     
Ne           10           0.00000E+00  0.00000E+00  1.61E-02     4.55E-02     8.21E-02     1.17E-01     1.20E-01     
Na           11           3.29E-02     3.78E-02     4.38E-02     5.53E-02     6.98E-02     8.36E-02     8.60E-02     
Mg           12           0.00000E+00  0.00000E+00  0.00000E+00  0.00000E+00  0.00000E+00  0.00000E+00  0.00000E+00  
Al           13           0.00000E+00  0.00000E+00  0.00000E+00  0.00000E+00  0.00000E+00  0.00000E+00  0.00000E+00  
Si           14           0.00000E+00  0.00000E+00  0.00000E+00  0.00000E+00  0.00000E+00  0.00000E+00  0.00000E+00  
P            15           0.00000E+00  0.00000E+00  0.00000E+00  1.13E-02     1.84E-02     2.40E-02     2.45E-02     
S            16           0.00000E+00  0.00000E+00  0.00000E+00  0.00000E+00  0.00000E+00  0.00000E+00  0.00000E+00  
Cl           17           0.00000E+00  0.00000E+00  0.00000E+00  1.06E-02     1.72E-02     2.29E-02     2.33E-02     
Ar           18           0.00000E+00  0.00000E+00  0.00000E+00  0.00000E+00  0.00000E+00  0.00000E+00  0.00000E+00  
K            19           0.00000E+00  0.00000E+00  0.00000E+00  0.00000E+00  0.00000E+00  0.00000E+00  0.00000E+00  
Ca           20           0.00000E+00  0.00000E+00  0.00000E+00  0.00000E+00  0.00000E+00  0.00000E+00  0.00000E+00  
Sc           21           0.00000E+00  0.00000E+00  0.00000E+00  2.03E-02     3.03E-02     3.86E-02     3.94E-02     
Ti           22           0.00000E+00  0.00000E+00  0.00000E+00  0.00000E+00  0.00000E+00  0.00000E+00  0.00000E+00  
V            23           0.00000E+00  0.00000E+00  0.00000E+00  0.00000E+00  0.00000E+00  0.00000E+00  0.00000E+00  
Cr           24           0.00000E+00  0.00000E+00  0.00000E+00  0.00000E+00  0.00000E+00  0.00000E+00  0.00000E+00  
Mn           25           0.00000E+00  0.00000E+00  0.00000E+00  0.00000E+00  0.00000E+00  0.00000E+00  0.00000E+00  
Fe           26           0.00E+00     0.00E+00     0.00E+00     0.00E+00     0.00E+00     0.00E+00     0.00E+00     
Co           27           0.00000E+00  0.00000E+00  1.45E-02     2.93E-02     4.31E-02     5.38E-02     5.55E-02     
Ni           28           0.00000E+00  0.00000E+00  0.00000E+00  0.00000E+00  0.00000E+00  0.00000E+00  0.00000E+00  
Cu           29           0.00000E+00  0.00000E+00  3.66E-02     7.60E-02     1.11E-01     1.38E-01     1.40E-01     
Zn           30           0.00000E+00  0.00000E+00  1.55E-02     4.09E-02     6.75E-02     8.83E-02     8.99E-02     
Ga           31           0.00000E+00  1.05E-02     7.24E-02     1.71E-01     2.60E-01     3.22E-01     3.26E-01     
Ge           32           0.00000E+00  1.03E-02     6.70E-02     1.57E-01     2.40E-01     2.98E-01     3.03E-01     
As           33           0.00000E+00  0.00000E+00  4.47E-02     1.06E-01     1.66E-01     2.10E-01     2.14E-01     
Se           34           0.00000E+00  1.48E-02     8.97E-02     1.92E-01     2.78E-01     3.38E-01     3.41E-01     
Br           35           0.00000E+00  0.00000E+00  5.10E-02     1.18E-01     1.89E-01     2.43E-01     2.61E-01     
Kr           36           0.00000E+00  1.78E-02     1.06E-01     2.29E-01     3.31E-01     3.99E-01     4.03E-01     
Rb           37           0.00000E+00  4.11E-02     1.73E-01     2.85E-01     3.64E-01     4.16E-01     4.20E-01     
Sr           38           0.00000E+00  6.18E-02     3.45E-01     6.30E-01     8.21E-01     9.35E-01     9.42E-01     
Y            39           0.00000E+00  6.25E-02     3.30E-01     5.77E-01     7.44E-01     8.46E-01     8.53E-01     
Zr           40           0.00000E+00  4.23E-02     2.55E-01     4.81E-01     6.42E-01     7.41E-01     7.47E-01     
Nb           41           0.00000E+00  0.00000E+00  2.06E-02     5.69E-02     1.14E-01     1.71E-01     2.19E-01     
Mo           42           0.00000E+00  1.28E-02     1.26E-01     2.83E-01     4.13E-01     4.98E-01     5.04E-01     
Tc           43           \N           \N           \N           \N           \N           \N           \N           
Ru           44           0.00000E+00  0.00000E+00  8.45E-02     2.06E-01     3.16E-01     3.93E-01     4.02E-01     
Rh           45           0.00000E+00  0.00000E+00  4.02E-02     1.05E-01     1.70E-01     2.18E-01     2.21E-01     
Pd           46           0.00000E+00  1.06E-02     1.14E-01     2.68E-01     4.00E-01     4.88E-01     4.94E-01     
Ag           47           0.00000E+00  0.00000E+00  3.24E-02     8.66E-02     1.43E-01     1.87E-01     1.91E-01     
Cd           48           0.00000E+00  1.39E-02     1.30E-01     2.95E-01     4.35E-01     5.27E-01     5.33E-01     
In           49           0.00000E+00  0.00000E+00  8.29E-02     2.01E-01     3.09E-01     3.85E-01     3.90E-01     
Sn           50           0.00000E+00  1.15E-02     1.21E-01     2.79E-01     4.14E-01     5.04E-01     5.10E-01     
Sb           51           0.00000E+00  0.00000E+00  4.36E-02     1.11E-01     1.80E-01     2.32E-01     2.36E-01     
Te           52           0.00000E+00  0.00000E+00  3.11E-02     8.82E-02     1.50E-01     1.98E-01     2.01E-01     
I            53           0.00000E+00  0.00000E+00  0.00000E+00  2.46E-02     4.44E-02     6.10E-02     6.22E-02     
Xe           54           0.00000E+00  0.00000E+00  2.69E-02     7.86E-02     1.36E-01     1.82E-01     1.85E-01     
Cs           55           0.00000E+00  0.00000E+00  4.05E-02     9.31E-02     1.49E-01     1.94E-01     1.97E-01     
Ba           56           0.00000E+00  0.00000E+00  8.02E-02     2.28E-01     3.69E-01     4.69E-01     4.75E-01     
La           57           0.00000E+00  0.00000E+00  5.77E-02     1.79E-01     3.06E-01     3.99E-01     4.05E-01     
Ce           58           0.00000E+00  0.00000E+00  4.23E-02     1.41E-01     2.52E-01     3.38E-01     3.44E-01     
Pr           59           0.00000E+00  0.00000E+00  2.43E-02     7.87E-02     1.46E-01     2.03E-01     2.08E-01     
Nd           60           0.00000E+00  0.00000E+00  2.55E-02     8.81E-02     1.66E-01     2.30E-01     2.35E-01     
Pm           61           \N           \N           \N           \N           \N           \N           \N           
Sm           62           0.00000E+00  0.00000E+00  1.17E-02     4.27E-02     8.44E-02     1.22E-01     1.25E-01     
Eu           63           0.00000E+00  0.00000E+00  0.00000E+00  0.00000E+00  1.22E-02     1.88E-02     1.93E-02     
Gd           64           0.00000E+00  0.00000E+00  0.00000E+00  2.01E-02     4.20E-02     6.22E-02     6.37E-02     
Tb           65           0.00000E+00  0.00000E+00  0.00000E+00  1.06E-02     2.29E-02     3.49E-02     3.58E-02     
Dy           66           0.00000E+00  0.00000E+00  0.00000E+00  2.13E-02     4.45E-02     6.63E-02     6.80E-02     
Ho           67           0.00000E+00  0.00000E+00  0.00000E+00  0.00000E+00  1.84E-02     2.84E-02     2.91E-02     
Er           68           0.00000E+00  0.00000E+00  0.00000E+00  2.11E-02     4.52E-02     6.82E-02     7.00E-02     
Tm           69           0.00000E+00  0.00000E+00  0.00000E+00  1.67E-02     3.72E-02     5.75E-02     5.91E-02     
Yb           70           0.00000E+00  0.00000E+00  1.26E-02     4.63E-02     9.32E-02     1.36E-01     1.39E-01     
Lu           71           0.00000E+00  0.00000E+00  0.00000E+00  2.22E-02     4.90E-02     7.47E-02     7.67E-02     
Hf           72           0.00000E+00  0.00000E+00  1.80E-02     6.14E-02     1.20E-01     1.71E-01     1.75E-01     
Ta           73           0.00000E+00  0.00000E+00  1.27E-02     4.60E-02     9.27E-02     1.36E-01     1.39E-01     
W            74           0.00000E+00  0.00000E+00  1.69E-02     5.99E-02     1.18E-01     1.71E-01     1.75E-01     
Re           75           -1.07E-01    -1.04E-01    -9.95E-02    -8.78E-02    -6.90E-02    -4.99E-02    -4.83E-02    
Os           76           0.00000E+00  0.00000E+00  0.00000E+00  1.53E-02     2.50E-02     3.46E-02     3.53E-02     
Ir           77           0.00000E+00  0.00000E+00  0.00000E+00  0.00000E+00  0.00000E+00  0.00000E+00  0.00000E+00  
Pt           78           0.00000E+00  0.00000E+00  0.00000E+00  0.00000E+00  1.27E-02     2.00E-02     2.06E-02     
Au           79           0.00000E+00  0.00000E+00  0.00000E+00  0.00000E+00  0.00000E+00  1.45E-02     1.50E-02     
Hg           80           0.00000E+00  0.00000E+00  1.24E-02     4.37E-02     8.80E-02     1.30E-01     1.33E-01     
Tl           81           0.00000E+00  0.00000E+00  1.39E-02     5.07E-02     1.05E-01     1.55E-01     1.58E-01     
Pb           82           0.00000E+00  0.00000E+00  0.00000E+00  1.48E-02     3.28E-02     5.21E-02     5.37E-02     
Bi           83           0.00000E+00  0.00000E+00  0.00000E+00  0.00000E+00  0.00000E+00  0.00000E+00  0.00000E+00  
