[El/Fe]      Z            FDU          TDU_1        TDU_2        TDU_3        TDU_4        TDU_5        TDU_6        
C            6            -1.69E-01    2.16E-01     5.54E-01     7.82E-01     9.40E-01     1.05E+00     1.06E+00     
N            7            3.38E-01     3.62E-01     3.62E-01     3.62E-01     3.63E-01     3.65E-01     3.67E-01     
O            8            0.00000E+00  0.00000E+00  1.22E-02     2.38E-02     3.48E-02     4.39E-02     4.50E-02     
F            9            0.00000E+00  7.54E-02     2.38E-01     4.03E-01     5.47E-01     6.64E-01     6.82E-01     
Ne           10           0.00000E+00  1.42E-02     6.02E-02     1.25E-01     1.96E-01     2.64E-01     2.75E-01     
Na           11           5.83E-02     7.84E-02     8.62E-02     9.84E-02     1.14E-01     1.30E-01     1.35E-01     
Mg           12           0.00000E+00  0.00000E+00  0.00000E+00  0.00000E+00  0.00000E+00  1.36E-02     1.46E-02     
Al           13           0.00000E+00  0.00000E+00  0.00000E+00  0.00000E+00  1.40E-02     1.75E-02     1.79E-02     
Si           14           0.00000E+00  0.00000E+00  0.00000E+00  0.00000E+00  0.00000E+00  0.00000E+00  0.00000E+00  
P            15           0.00000E+00  0.00000E+00  0.00000E+00  1.56E-02     2.25E-02     2.83E-02     2.91E-02     
S            16           0.00000E+00  0.00000E+00  0.00000E+00  0.00000E+00  0.00000E+00  0.00000E+00  0.00000E+00  
Cl           17           0.00000E+00  0.00000E+00  0.00000E+00  0.00000E+00  0.00000E+00  0.00000E+00  0.00000E+00  
Ar           18           0.00000E+00  0.00000E+00  0.00000E+00  0.00000E+00  0.00000E+00  0.00000E+00  0.00000E+00  
K            19           0.00000E+00  0.00000E+00  0.00000E+00  0.00000E+00  0.00000E+00  0.00000E+00  0.00000E+00  
Ca           20           0.00000E+00  0.00000E+00  0.00000E+00  0.00000E+00  0.00000E+00  0.00000E+00  0.00000E+00  
Sc           21           0.00000E+00  0.00000E+00  1.81E-02     2.76E-02     3.64E-02     4.46E-02     4.59E-02     
Ti           22           0.00000E+00  0.00000E+00  0.00000E+00  0.00000E+00  0.00000E+00  0.00000E+00  0.00000E+00  
V            23           0.00000E+00  0.00000E+00  0.00000E+00  0.00000E+00  0.00000E+00  0.00000E+00  0.00000E+00  
Cr           24           0.00000E+00  0.00000E+00  0.00000E+00  0.00000E+00  0.00000E+00  0.00000E+00  0.00000E+00  
Mn           25           0.00000E+00  0.00000E+00  0.00000E+00  0.00000E+00  0.00000E+00  0.00000E+00  0.00000E+00  
Fe           26           0.00E+00     0.00E+00     0.00E+00     0.00E+00     0.00E+00     0.00E+00     0.00E+00     
Co           27           0.00000E+00  1.45E-02     3.25E-02     4.76E-02     5.95E-02     6.94E-02     7.22E-02     
Ni           28           0.00000E+00  0.00000E+00  0.00000E+00  0.00000E+00  0.00000E+00  0.00000E+00  0.00000E+00  
Cu           29           0.00000E+00  1.96E-02     4.20E-02     6.05E-02     7.42E-02     8.42E-02     8.56E-02     
Zn           30           0.00000E+00  0.00000E+00  0.00000E+00  1.23E-02     1.76E-02     2.21E-02     2.27E-02     
Ga           31           0.00000E+00  0.00000E+00  2.31E-02     4.20E-02     5.93E-02     7.48E-02     7.69E-02     
Ge           32           0.00000E+00  0.00000E+00  1.97E-02     3.67E-02     5.28E-02     6.78E-02     6.99E-02     
As           33           0.00000E+00  0.00000E+00  1.19E-02     2.26E-02     3.29E-02     4.28E-02     4.42E-02     
Se           34           0.00000E+00  0.00000E+00  2.61E-02     4.77E-02     6.82E-02     8.71E-02     8.93E-02     
Br           35           0.00000E+00  0.00000E+00  1.40E-02     2.76E-02     4.14E-02     5.55E-02     6.11E-02     
Kr           36           0.00000E+00  1.46E-02     4.34E-02     7.90E-02     1.13E-01     1.42E-01     1.46E-01     
Rb           37           0.00000E+00  3.88E-02     8.38E-02     1.26E-01     1.61E-01     1.93E-01     1.98E-01     
Sr           38           0.00000E+00  7.25E-02     2.50E-01     4.30E-01     5.68E-01     6.68E-01     6.81E-01     
Y            39           0.00000E+00  1.01E-01     2.88E-01     4.64E-01     6.01E-01     7.00E-01     7.13E-01     
Zr           40           0.00000E+00  1.35E-01     3.52E-01     5.40E-01     6.78E-01     7.75E-01     7.86E-01     
Nb           41           0.00000E+00  0.00000E+00  3.55E-02     8.25E-02     1.39E-01     2.04E-01     2.49E-01     
Mo           42           0.00000E+00  8.32E-02     2.60E-01     4.28E-01     5.58E-01     6.49E-01     6.60E-01     
Tc           43           \N           \N           \N           \N           \N           \N           \N           
Ru           44           0.00000E+00  4.82E-02     1.84E-01     3.34E-01     4.57E-01     5.48E-01     5.62E-01     
Rh           45           0.00000E+00  2.09E-02     9.14E-02     1.82E-01     2.65E-01     3.30E-01     3.39E-01     
Pd           46           0.00000E+00  6.29E-02     2.46E-01     4.32E-01     5.76E-01     6.77E-01     6.90E-01     
Ag           47           0.00000E+00  1.62E-02     7.74E-02     1.60E-01     2.38E-01     3.00E-01     3.10E-01     
Cd           48           0.00000E+00  8.39E-02     2.97E-01     5.03E-01     6.59E-01     7.68E-01     7.82E-01     
In           49           0.00000E+00  5.09E-02     2.04E-01     3.72E-01     5.09E-01     6.09E-01     6.22E-01     
Sn           50           0.00000E+00  1.44E-01     3.94E-01     6.05E-01     7.58E-01     8.64E-01     8.77E-01     
Sb           51           0.00000E+00  8.48E-02     2.24E-01     3.62E-01     4.75E-01     5.60E-01     5.71E-01     
Te           52           0.00000E+00  5.57E-02     1.83E-01     3.16E-01     4.24E-01     5.02E-01     5.12E-01     
I            53           0.00000E+00  1.57E-02     5.96E-02     1.17E-01     1.72E-01     2.17E-01     2.23E-01     
Xe           54           0.00000E+00  6.76E-02     2.08E-01     3.49E-01     4.63E-01     5.46E-01     5.57E-01     
Cs           55           0.00000E+00  1.14E-01     2.69E-01     4.19E-01     5.47E-01     6.45E-01     6.57E-01     
Ba           56           0.00000E+00  4.00E-01     8.31E-01     1.11E+00     1.29E+00     1.40E+00     1.42E+00     
La           57           0.00000E+00  4.30E-01     8.77E-01     1.16E+00     1.34E+00     1.46E+00     1.47E+00     
Ce           58           0.00000E+00  5.08E-01     9.79E-01     1.27E+00     1.45E+00     1.57E+00     1.58E+00     
Pr           59           0.00000E+00  3.70E-01     7.61E-01     1.03E+00     1.21E+00     1.33E+00     1.35E+00     
Nd           60           0.00000E+00  4.29E-01     8.80E-01     1.16E+00     1.35E+00     1.46E+00     1.48E+00     
Pm           61           \N           \N           \N           \N           \N           \N           \N           
Sm           62           0.00000E+00  3.48E-01     7.33E-01     9.86E-01     1.15E+00     1.26E+00     1.27E+00     
Eu           63           0.00000E+00  8.88E-02     2.55E-01     4.10E-01     5.31E-01     6.16E-01     6.27E-01     
Gd           64           0.00000E+00  2.49E-01     5.29E-01     7.38E-01     8.80E-01     9.76E-01     9.88E-01     
Tb           65           0.00000E+00  1.54E-01     3.82E-01     5.66E-01     6.94E-01     7.81E-01     7.92E-01     
Dy           66           0.00000E+00  2.40E-01     5.56E-01     7.76E-01     9.21E-01     1.01E+00     1.03E+00     
Ho           67           0.00000E+00  1.27E-01     3.44E-01     5.28E-01     6.57E-01     7.44E-01     7.54E-01     
Er           68           0.00000E+00  2.48E-01     5.73E-01     8.09E-01     9.63E-01     1.06E+00     1.08E+00     
Tm           69           0.00000E+00  1.85E-01     5.04E-01     7.49E-01     9.10E-01     1.01E+00     1.02E+00     
Yb           70           0.00000E+00  4.39E-01     8.53E-01     1.12E+00     1.29E+00     1.40E+00     1.41E+00     
Lu           71           0.00000E+00  2.62E-01     6.25E-01     8.81E-01     1.05E+00     1.16E+00     1.17E+00     
Hf           72           0.00000E+00  5.56E-01     9.89E-01     1.26E+00     1.43E+00     1.54E+00     1.56E+00     
Ta           73           0.00000E+00  4.41E-01     8.86E-01     1.17E+00     1.35E+00     1.46E+00     1.48E+00     
W            74           0.00000E+00  5.48E-01     1.02E+00     1.30E+00     1.47E+00     1.59E+00     1.60E+00     
Re           75           -8.82E-02    1.84E-01     5.08E-01     7.56E-01     9.33E-01     1.05E+00     1.07E+00     
Os           76           0.00000E+00  1.50E-01     3.98E-01     6.02E-01     7.44E-01     8.40E-01     8.51E-01     
Ir           77           0.00000E+00  2.87E-02     9.82E-02     1.79E-01     2.50E-01     3.06E-01     3.14E-01     
Pt           78           0.00000E+00  1.15E-01     3.24E-01     5.06E-01     6.37E-01     7.25E-01     7.36E-01     
Au           79           0.00000E+00  8.49E-02     2.76E-01     4.56E-01     5.91E-01     6.84E-01     6.95E-01     
Hg           80           0.00000E+00  4.48E-01     9.37E-01     1.24E+00     1.42E+00     1.54E+00     1.56E+00     
Tl           81           0.00000E+00  5.39E-01     1.10E+00     1.42E+00     1.62E+00     1.74E+00     1.75E+00     
Pb           82           0.00000E+00  5.65E-01     1.24E+00     1.59E+00     1.79E+00     1.91E+00     1.93E+00     
Bi           83           0.00000E+00  1.15E-01     4.66E-01     7.52E-01     9.42E-01     1.06E+00     1.08E+00     
