[El/Fe]      Z            FDU          TDU_1        TDU_2        TDU_3        TDU_4        TDU_5        TDU_6        TDU_7        TDU_8        TDU_9        TDU_10       
C            6            -1.89E-01    -1.93E-01    -1.60E-01    -6.92E-02    4.96E-02     1.65E-01     2.67E-01     3.50E-01     4.20E-01     4.81E-01     5.24E-01     
N            7            3.60E-01     3.64E-01     3.66E-01     3.66E-01     3.65E-01     3.65E-01     3.64E-01     3.63E-01     3.62E-01     3.61E-01     3.60E-01     
O            8            0.00000E+00  0.00000E+00  0.00000E+00  0.00000E+00  0.00000E+00  0.00000E+00  0.00000E+00  0.00000E+00  0.00000E+00  0.00000E+00  0.00000E+00  
F            9            0.00000E+00  0.00000E+00  0.00000E+00  1.99E-02     6.20E-02     1.18E-01     1.82E-01     2.46E-01     3.06E-01     3.64E-01     4.07E-01     
Ne           10           0.00000E+00  0.00000E+00  0.00000E+00  0.00000E+00  2.74E-02     5.10E-02     7.83E-02     1.07E-01     1.35E-01     1.63E-01     1.85E-01     
Na           11           8.26E-02     8.30E-02     8.50E-02     8.89E-02     9.58E-02     1.05E-01     1.15E-01     1.26E-01     1.37E-01     1.49E-01     1.58E-01     
Mg           12           0.00000E+00  0.00000E+00  0.00000E+00  0.00000E+00  0.00000E+00  0.00000E+00  0.00000E+00  0.00000E+00  0.00000E+00  0.00000E+00  0.00000E+00  
Al           13           0.00000E+00  0.00000E+00  0.00000E+00  0.00000E+00  0.00000E+00  0.00000E+00  0.00000E+00  0.00000E+00  0.00000E+00  0.00000E+00  0.00000E+00  
Si           14           0.00000E+00  0.00000E+00  0.00000E+00  0.00000E+00  0.00000E+00  0.00000E+00  0.00000E+00  0.00000E+00  0.00000E+00  0.00000E+00  0.00000E+00  
P            15           0.00000E+00  0.00000E+00  0.00000E+00  0.00000E+00  0.00000E+00  1.54E-02     2.16E-02     2.69E-02     3.15E-02     3.54E-02     3.80E-02     
S            16           0.00000E+00  0.00000E+00  0.00000E+00  0.00000E+00  0.00000E+00  0.00000E+00  0.00000E+00  0.00000E+00  0.00000E+00  0.00000E+00  0.00000E+00  
Cl           17           0.00000E+00  0.00000E+00  0.00000E+00  0.00000E+00  0.00000E+00  0.00000E+00  1.41E-02     1.81E-02     2.19E-02     2.54E-02     2.78E-02     
Ar           18           0.00000E+00  0.00000E+00  0.00000E+00  0.00000E+00  0.00000E+00  0.00000E+00  0.00000E+00  0.00000E+00  0.00000E+00  0.00000E+00  0.00000E+00  
K            19           0.00000E+00  0.00000E+00  0.00000E+00  0.00000E+00  0.00000E+00  0.00000E+00  0.00000E+00  0.00000E+00  0.00000E+00  1.16E-02     1.28E-02     
Ca           20           0.00000E+00  0.00000E+00  0.00000E+00  0.00000E+00  0.00000E+00  0.00000E+00  0.00000E+00  0.00000E+00  0.00000E+00  0.00000E+00  0.00000E+00  
Sc           21           0.00000E+00  0.00000E+00  0.00000E+00  0.00000E+00  1.64E-02     2.39E-02     3.15E-02     3.87E-02     4.54E-02     5.20E-02     5.68E-02     
Ti           22           0.00000E+00  0.00000E+00  0.00000E+00  0.00000E+00  0.00000E+00  0.00000E+00  0.00000E+00  0.00000E+00  0.00000E+00  1.11E-02     1.20E-02     
V            23           0.00000E+00  0.00000E+00  0.00000E+00  0.00000E+00  0.00000E+00  0.00000E+00  0.00000E+00  0.00000E+00  0.00000E+00  0.00000E+00  0.00000E+00  
Cr           24           0.00000E+00  0.00000E+00  0.00000E+00  0.00000E+00  0.00000E+00  0.00000E+00  0.00000E+00  0.00000E+00  0.00000E+00  0.00000E+00  0.00000E+00  
Mn           25           0.00000E+00  0.00000E+00  0.00000E+00  0.00000E+00  0.00000E+00  0.00000E+00  0.00000E+00  0.00000E+00  0.00000E+00  0.00000E+00  0.00000E+00  
Fe           26           0.00E+00     0.00E+00     0.00E+00     0.00E+00     0.00E+00     0.00E+00     0.00E+00     0.00E+00     0.00E+00     0.00E+00     0.00E+00     
Co           27           0.00000E+00  0.00000E+00  0.00000E+00  1.03E-02     1.79E-02     2.48E-02     3.12E-02     3.71E-02     4.28E-02     4.86E-02     5.34E-02     
Ni           28           0.00000E+00  0.00000E+00  0.00000E+00  0.00000E+00  0.00000E+00  0.00000E+00  0.00000E+00  0.00000E+00  0.00000E+00  0.00000E+00  0.00000E+00  
Cu           29           0.00000E+00  0.00000E+00  0.00000E+00  2.85E-02     5.53E-02     8.03E-02     1.02E-01     1.19E-01     1.33E-01     1.45E-01     1.53E-01     
Zn           30           0.00000E+00  0.00000E+00  0.00000E+00  1.51E-02     3.45E-02     5.52E-02     7.42E-02     8.99E-02     1.03E-01     1.14E-01     1.22E-01     
Ga           31           0.00000E+00  0.00000E+00  1.32E-02     6.65E-02     1.44E-01     2.19E-01     2.82E-01     3.31E-01     3.68E-01     3.99E-01     4.18E-01     
Ge           32           0.00000E+00  0.00000E+00  1.28E-02     6.27E-02     1.34E-01     2.04E-01     2.64E-01     3.11E-01     3.47E-01     3.78E-01     3.97E-01     
As           33           0.00000E+00  0.00000E+00  0.00000E+00  4.11E-02     8.97E-02     1.40E-01     1.85E-01     2.21E-01     2.51E-01     2.76E-01     2.91E-01     
Se           34           0.00000E+00  0.00000E+00  1.79E-02     8.16E-02     1.63E-01     2.39E-01     3.04E-01     3.54E-01     3.94E-01     4.27E-01     4.47E-01     
Br           35           0.00000E+00  0.00000E+00  0.00000E+00  4.56E-02     1.03E-01     1.66E-01     2.22E-01     2.69E-01     3.08E-01     3.40E-01     3.64E-01     
Kr           36           0.00000E+00  0.00000E+00  2.35E-02     1.06E-01     2.13E-01     3.09E-01     3.87E-01     4.46E-01     4.91E-01     5.27E-01     5.50E-01     
Rb           37           0.00000E+00  0.00000E+00  6.20E-02     1.95E-01     3.03E-01     3.83E-01     4.43E-01     4.88E-01     5.22E-01     5.52E-01     5.70E-01     
Sr           38           0.00000E+00  0.00000E+00  5.73E-02     3.47E-01     6.49E-01     8.67E-01     1.02E+00     1.13E+00     1.20E+00     1.26E+00     1.29E+00     
Y            39           0.00000E+00  0.00000E+00  6.33E-02     3.38E-01     6.14E-01     8.17E-01     9.64E-01     1.07E+00     1.14E+00     1.20E+00     1.23E+00     
Zr           40           0.00000E+00  0.00000E+00  4.50E-02     2.99E-01     5.82E-01     7.94E-01     9.45E-01     1.05E+00     1.12E+00     1.18E+00     1.21E+00     
Nb           41           0.00000E+00  0.00000E+00  0.00000E+00  2.23E-02     7.83E-02     1.66E-01     2.65E-01     3.59E-01     4.42E-01     5.12E-01     5.71E-01     
Mo           42           0.00000E+00  0.00000E+00  1.33E-02     1.67E-01     3.99E-01     5.95E-01     7.40E-01     8.42E-01     9.15E-01     9.69E-01     1.00E+00     
Tc           43           \N           \N           \N           \N           \N           \N           \N           \N           \N           \N           \N           
Ru           44           0.00000E+00  0.00000E+00  0.00000E+00  1.21E-01     3.17E-01     4.96E-01     6.34E-01     7.33E-01     8.04E-01     8.58E-01     8.90E-01     
Rh           45           0.00000E+00  0.00000E+00  0.00000E+00  6.03E-02     1.75E-01     2.97E-01     3.99E-01     4.77E-01     5.34E-01     5.78E-01     6.04E-01     
Pd           46           0.00000E+00  0.00000E+00  0.00000E+00  1.68E-01     4.15E-01     6.22E-01     7.73E-01     8.78E-01     9.52E-01     1.01E+00     1.04E+00     
Ag           47           0.00000E+00  0.00000E+00  0.00000E+00  5.20E-02     1.56E-01     2.69E-01     3.66E-01     4.40E-01     4.96E-01     5.39E-01     5.65E-01     
Cd           48           0.00000E+00  0.00000E+00  0.00000E+00  1.98E-01     4.68E-01     6.85E-01     8.42E-01     9.50E-01     1.03E+00     1.08E+00     1.11E+00     
In           49           0.00000E+00  0.00000E+00  0.00000E+00  1.33E-01     3.44E-01     5.31E-01     6.73E-01     7.73E-01     8.44E-01     8.97E-01     9.28E-01     
Sn           50           0.00000E+00  0.00000E+00  0.00000E+00  2.00E-01     4.78E-01     7.00E-01     8.59E-01     9.68E-01     1.04E+00     1.10E+00     1.13E+00     
Sb           51           0.00000E+00  0.00000E+00  0.00000E+00  9.23E-02     2.41E-01     3.88E-01     5.07E-01     5.94E-01     6.58E-01     7.06E-01     7.34E-01     
Te           52           0.00000E+00  0.00000E+00  0.00000E+00  6.36E-02     2.00E-01     3.43E-01     4.61E-01     5.46E-01     6.07E-01     6.53E-01     6.78E-01     
I            53           0.00000E+00  0.00000E+00  0.00000E+00  1.91E-02     6.64E-02     1.27E-01     1.86E-01     2.34E-01     2.71E-01     3.00E-01     3.17E-01     
Xe           54           0.00000E+00  0.00000E+00  0.00000E+00  6.28E-02     1.98E-01     3.41E-01     4.59E-01     5.44E-01     6.05E-01     6.51E-01     6.77E-01     
Cs           55           0.00000E+00  0.00000E+00  0.00000E+00  1.18E-01     2.52E-01     3.83E-01     4.94E-01     5.80E-01     6.44E-01     6.94E-01     7.22E-01     
Ba           56           0.00000E+00  0.00000E+00  0.00000E+00  2.06E-01     5.53E-01     8.19E-01     1.00E+00     1.12E+00     1.20E+00     1.25E+00     1.28E+00     
La           57           0.00000E+00  0.00000E+00  0.00000E+00  1.71E-01     5.01E-01     7.65E-01     9.47E-01     1.07E+00     1.14E+00     1.20E+00     1.23E+00     
Ce           58           0.00000E+00  0.00000E+00  0.00000E+00  1.37E-01     4.48E-01     7.13E-01     8.99E-01     1.02E+00     1.10E+00     1.15E+00     1.18E+00     
Pr           59           0.00000E+00  0.00000E+00  0.00000E+00  8.71E-02     2.88E-01     4.92E-01     6.53E-01     7.64E-01     8.41E-01     8.95E-01     9.24E-01     
Nd           60           0.00000E+00  0.00000E+00  0.00000E+00  8.45E-02     3.21E-01     5.54E-01     7.28E-01     8.44E-01     9.22E-01     9.75E-01     1.00E+00     
Pm           61           \N           \N           \N           \N           \N           \N           \N           \N           \N           \N           \N           
Sm           62           0.00000E+00  0.00000E+00  0.00000E+00  3.99E-02     1.81E-01     3.49E-01     4.93E-01     5.95E-01     6.66E-01     7.16E-01     7.42E-01     
Eu           63           0.00000E+00  0.00000E+00  0.00000E+00  0.00000E+00  3.56E-02     8.05E-02     1.30E-01     1.73E-01     2.06E-01     2.32E-01     2.46E-01     
Gd           64           0.00000E+00  0.00000E+00  0.00000E+00  2.03E-02     1.01E-01     2.13E-01     3.15E-01     3.91E-01     4.44E-01     4.82E-01     5.03E-01     
Tb           65           0.00000E+00  0.00000E+00  0.00000E+00  1.01E-02     5.85E-02     1.32E-01     2.08E-01     2.68E-01     3.12E-01     3.43E-01     3.60E-01     
Dy           66           0.00000E+00  0.00000E+00  0.00000E+00  1.93E-02     1.05E-01     2.22E-01     3.30E-01     4.11E-01     4.67E-01     5.07E-01     5.28E-01     
Ho           67           0.00000E+00  0.00000E+00  0.00000E+00  0.00000E+00  4.84E-02     1.13E-01     1.80E-01     2.35E-01     2.75E-01     3.05E-01     3.21E-01     
Er           68           0.00000E+00  0.00000E+00  0.00000E+00  2.08E-02     1.06E-01     2.26E-01     3.39E-01     4.24E-01     4.84E-01     5.26E-01     5.48E-01     
Tm           69           0.00000E+00  0.00000E+00  0.00000E+00  1.56E-02     8.76E-02     1.96E-01     3.02E-01     3.86E-01     4.46E-01     4.89E-01     5.11E-01     
Yb           70           0.00000E+00  0.00000E+00  0.00000E+00  4.66E-02     2.07E-01     3.96E-01     5.52E-01     6.61E-01     7.36E-01     7.87E-01     8.15E-01     
Lu           71           0.00000E+00  0.00000E+00  0.00000E+00  2.28E-02     1.20E-01     2.55E-01     3.79E-01     4.72E-01     5.37E-01     5.84E-01     6.09E-01     
Hf           72           0.00000E+00  0.00000E+00  0.00000E+00  6.05E-02     2.55E-01     4.71E-01     6.42E-01     7.60E-01     8.39E-01     8.93E-01     9.22E-01     
Ta           73           0.00000E+00  0.00000E+00  0.00000E+00  4.53E-02     2.04E-01     3.97E-01     5.59E-01     6.74E-01     7.53E-01     8.08E-01     8.37E-01     
W            74           0.00000E+00  0.00000E+00  0.00000E+00  6.03E-02     2.60E-01     4.80E-01     6.55E-01     7.74E-01     8.55E-01     9.11E-01     9.41E-01     
Re           75           -6.26E-02    -6.37E-02    -6.37E-02    -4.31E-02    2.04E-02     1.23E-01     2.26E-01     3.11E-01     3.74E-01     4.21E-01     4.47E-01     
Os           76           0.00000E+00  0.00000E+00  0.00000E+00  1.25E-02     5.46E-02     1.22E-01     1.93E-01     2.51E-01     2.94E-01     3.26E-01     3.43E-01     
Ir           77           0.00000E+00  0.00000E+00  0.00000E+00  0.00000E+00  0.00000E+00  2.01E-02     3.53E-02     4.93E-02     6.04E-02     6.88E-02     7.33E-02     
Pt           78           0.00000E+00  0.00000E+00  0.00000E+00  0.00000E+00  3.45E-02     8.42E-02     1.39E-01     1.86E-01     2.21E-01     2.48E-01     2.62E-01     
Au           79           0.00000E+00  0.00000E+00  0.00000E+00  0.00000E+00  2.70E-02     6.74E-02     1.14E-01     1.56E-01     1.90E-01     2.15E-01     2.29E-01     
Hg           80           0.00000E+00  0.00000E+00  0.00000E+00  4.00E-02     2.02E-01     4.03E-01     5.70E-01     6.88E-01     7.67E-01     8.23E-01     8.52E-01     
Tl           81           0.00000E+00  0.00000E+00  0.00000E+00  4.90E-02     2.57E-01     5.01E-01     6.93E-01     8.23E-01     9.09E-01     9.68E-01     9.98E-01     
Pb           82           0.00000E+00  0.00000E+00  0.00000E+00  1.44E-02     1.17E-01     2.88E-01     4.54E-01     5.79E-01     6.66E-01     7.27E-01     7.58E-01     
Bi           83           0.00000E+00  0.00000E+00  0.00000E+00  0.00000E+00  0.00000E+00  1.55E-02     3.38E-02     5.45E-02     7.38E-02     9.03E-02     1.00E-01     
