[El/Fe]      Z            FDU          TDU_1        TDU_2        TDU_3        TDU_4        TDU_5        TDU_6        TDU_7        TDU_8        TDU_9        TDU_10       
C            6            -2.08E-01    -1.84E-01    -3.50E-02    1.48E-01     3.06E-01     4.32E-01     5.36E-01     6.25E-01     7.04E-01     7.78E-01     7.96E-01     
N            7            3.79E-01     3.86E-01     3.86E-01     3.86E-01     3.85E-01     3.84E-01     3.83E-01     3.82E-01     3.81E-01     3.80E-01     3.81E-01     
O            8            0.00000E+00  0.00000E+00  0.00000E+00  0.00000E+00  0.00000E+00  0.00000E+00  0.00000E+00  1.05E-02     1.18E-02     1.28E-02     1.28E-02     
F            9            -1.17E-02    -1.07E-02    1.73E-02     7.92E-02     1.59E-01     2.43E-01     3.28E-01     4.11E-01     4.94E-01     5.77E-01     5.99E-01     
Ne           10           0.00000E+00  0.00000E+00  0.00000E+00  3.06E-02     6.08E-02     9.55E-02     1.33E-01     1.73E-01     2.17E-01     2.64E-01     2.76E-01     
Na           11           1.00E-01     1.04E-01     1.07E-01     1.13E-01     1.22E-01     1.31E-01     1.42E-01     1.53E-01     1.66E-01     1.82E-01     1.87E-01     
Mg           12           0.00000E+00  0.00000E+00  0.00000E+00  0.00000E+00  0.00000E+00  0.00000E+00  0.00000E+00  0.00000E+00  0.00000E+00  1.33E-02     1.46E-02     
Al           13           0.00000E+00  0.00000E+00  0.00000E+00  0.00000E+00  0.00000E+00  0.00000E+00  0.00000E+00  0.00000E+00  1.14E-02     1.36E-02     1.42E-02     
Si           14           0.00000E+00  0.00000E+00  0.00000E+00  0.00000E+00  0.00000E+00  0.00000E+00  0.00000E+00  0.00000E+00  0.00000E+00  0.00000E+00  0.00000E+00  
P            15           0.00000E+00  0.00000E+00  0.00000E+00  0.00000E+00  0.00000E+00  1.33E-02     1.75E-02     2.16E-02     2.55E-02     2.94E-02     3.02E-02     
S            16           0.00000E+00  0.00000E+00  0.00000E+00  0.00000E+00  0.00000E+00  0.00000E+00  0.00000E+00  0.00000E+00  0.00000E+00  0.00000E+00  0.00000E+00  
Cl           17           0.00000E+00  0.00000E+00  0.00000E+00  0.00000E+00  0.00000E+00  0.00000E+00  0.00000E+00  0.00000E+00  1.14E-02     1.36E-02     1.41E-02     
Ar           18           0.00000E+00  0.00000E+00  0.00000E+00  0.00000E+00  0.00000E+00  0.00000E+00  0.00000E+00  0.00000E+00  0.00000E+00  0.00000E+00  0.00000E+00  
K            19           0.00000E+00  0.00000E+00  0.00000E+00  0.00000E+00  0.00000E+00  0.00000E+00  0.00000E+00  0.00000E+00  0.00000E+00  0.00000E+00  0.00000E+00  
Ca           20           0.00000E+00  0.00000E+00  0.00000E+00  0.00000E+00  0.00000E+00  0.00000E+00  0.00000E+00  0.00000E+00  0.00000E+00  0.00000E+00  0.00000E+00  
Sc           21           0.00000E+00  0.00000E+00  0.00000E+00  1.06E-02     1.68E-02     2.30E-02     2.94E-02     3.64E-02     4.42E-02     5.29E-02     5.51E-02     
Ti           22           0.00000E+00  0.00000E+00  0.00000E+00  0.00000E+00  0.00000E+00  0.00000E+00  0.00000E+00  0.00000E+00  0.00000E+00  1.17E-02     1.21E-02     
V            23           0.00000E+00  0.00000E+00  0.00000E+00  0.00000E+00  0.00000E+00  0.00000E+00  0.00000E+00  0.00000E+00  0.00000E+00  0.00000E+00  0.00000E+00  
Cr           24           0.00000E+00  0.00000E+00  0.00000E+00  0.00000E+00  0.00000E+00  0.00000E+00  0.00000E+00  0.00000E+00  0.00000E+00  0.00000E+00  0.00000E+00  
Mn           25           0.00000E+00  0.00000E+00  0.00000E+00  0.00000E+00  0.00000E+00  0.00000E+00  0.00000E+00  0.00000E+00  0.00000E+00  0.00000E+00  0.00000E+00  
Fe           26           0.00E+00     0.00E+00     0.00E+00     0.00E+00     0.00E+00     0.00E+00     0.00E+00     0.00E+00     0.00E+00     0.00E+00     0.00E+00     
Co           27           0.00000E+00  0.00000E+00  0.00000E+00  1.68E-02     2.50E-02     3.18E-02     3.77E-02     4.37E-02     5.02E-02     5.77E-02     6.19E-02     
Ni           28           0.00000E+00  0.00000E+00  0.00000E+00  0.00000E+00  0.00000E+00  0.00000E+00  0.00000E+00  0.00000E+00  0.00000E+00  0.00000E+00  0.00000E+00  
Cu           29           0.00000E+00  0.00000E+00  1.06E-02     2.44E-02     3.71E-02     4.78E-02     5.71E-02     6.54E-02     7.36E-02     8.17E-02     8.36E-02     
Zn           30           0.00000E+00  0.00000E+00  0.00000E+00  0.00000E+00  0.00000E+00  1.32E-02     1.79E-02     2.25E-02     2.71E-02     3.15E-02     3.24E-02     
Ga           31           0.00000E+00  0.00000E+00  0.00000E+00  2.42E-02     4.65E-02     7.06E-02     9.43E-02     1.17E-01     1.38E-01     1.58E-01     1.63E-01     
Ge           32           0.00000E+00  0.00000E+00  0.00000E+00  2.68E-02     5.17E-02     7.90E-02     1.06E-01     1.32E-01     1.57E-01     1.81E-01     1.86E-01     
As           33           0.00000E+00  0.00000E+00  0.00000E+00  2.42E-02     4.71E-02     7.26E-02     9.80E-02     1.23E-01     1.47E-01     1.69E-01     1.74E-01     
Se           34           0.00000E+00  0.00000E+00  1.25E-02     3.92E-02     7.42E-02     1.12E-01     1.48E-01     1.81E-01     2.14E-01     2.43E-01     2.49E-01     
Br           35           0.00000E+00  0.00000E+00  0.00000E+00  2.49E-02     5.11E-02     8.00E-02     1.09E-01     1.38E-01     1.65E-01     1.90E-01     2.02E-01     
Kr           36           0.00000E+00  0.00000E+00  1.61E-02     5.04E-02     9.57E-02     1.43E-01     1.88E-01     2.31E-01     2.70E-01     3.06E-01     3.14E-01     
Rb           37           0.00000E+00  0.00000E+00  4.00E-02     8.69E-02     1.33E-01     1.76E-01     2.16E-01     2.54E-01     2.92E-01     3.30E-01     3.38E-01     
Sr           38           0.00000E+00  0.00000E+00  1.11E-01     3.39E-01     5.53E-01     7.17E-01     8.43E-01     9.41E-01     1.02E+00     1.09E+00     1.10E+00     
Y            39           0.00000E+00  0.00000E+00  1.40E-01     3.70E-01     5.73E-01     7.29E-01     8.50E-01     9.46E-01     1.03E+00     1.09E+00     1.11E+00     
Zr           40           0.00000E+00  0.00000E+00  1.57E-01     4.08E-01     6.24E-01     7.84E-01     9.05E-01     9.99E-01     1.08E+00     1.14E+00     1.15E+00     
Nb           41           0.00000E+00  0.00000E+00  1.12E-02     4.75E-02     1.18E-01     2.03E-01     2.90E-01     3.72E-01     4.47E-01     5.13E-01     5.71E-01     
Mo           42           0.00000E+00  0.00000E+00  8.24E-02     2.83E-01     4.79E-01     6.33E-01     7.51E-01     8.45E-01     9.21E-01     9.85E-01     9.98E-01     
Tc           43           \N           \N           \N           \N           \N           \N           \N           \N           \N           \N           \N           
Ru           44           0.00000E+00  0.00000E+00  5.06E-02     2.12E-01     3.94E-01     5.44E-01     6.62E-01     7.56E-01     8.33E-01     8.96E-01     9.12E-01     
Rh           45           0.00000E+00  0.00000E+00  2.31E-02     1.07E-01     2.16E-01     3.19E-01     4.07E-01     4.81E-01     5.44E-01     5.98E-01     6.09E-01     
Pd           46           0.00000E+00  0.00000E+00  7.91E-02     2.84E-01     4.91E-01     6.53E-01     7.76E-01     8.73E-01     9.51E-01     1.01E+00     1.03E+00     
Ag           47           0.00000E+00  0.00000E+00  2.59E-02     1.08E-01     2.16E-01     3.17E-01     4.04E-01     4.78E-01     5.40E-01     5.94E-01     6.06E-01     
Cd           48           0.00000E+00  0.00000E+00  1.20E-01     3.61E-01     5.82E-01     7.49E-01     8.74E-01     9.73E-01     1.05E+00     1.12E+00     1.13E+00     
In           49           0.00000E+00  0.00000E+00  8.02E-02     2.64E-01     4.50E-01     5.99E-01     7.15E-01     8.07E-01     8.83E-01     9.46E-01     9.59E-01     
Sn           50           0.00000E+00  0.00000E+00  1.55E-01     4.26E-01     6.55E-01     8.23E-01     9.48E-01     1.04E+00     1.12E+00     1.19E+00     1.20E+00     
Sb           51           0.00000E+00  0.00000E+00  8.03E-02     2.27E-01     3.76E-01     5.01E-01     6.02E-01     6.85E-01     7.55E-01     8.15E-01     8.28E-01     
Te           52           0.00000E+00  0.00000E+00  4.86E-02     1.81E-01     3.29E-01     4.55E-01     5.54E-01     6.33E-01     6.99E-01     7.53E-01     7.64E-01     
I            53           0.00000E+00  0.00000E+00  1.31E-02     5.74E-02     1.20E-01     1.83E-01     2.41E-01     2.91E-01     3.36E-01     3.75E-01     3.83E-01     
Xe           54           0.00000E+00  0.00000E+00  5.42E-02     1.92E-01     3.45E-01     4.73E-01     5.75E-01     6.57E-01     7.24E-01     7.81E-01     7.92E-01     
Cs           55           0.00000E+00  0.00000E+00  1.13E-01     2.72E-01     4.19E-01     5.43E-01     6.48E-01     7.37E-01     8.14E-01     8.81E-01     8.94E-01     
Ba           56           0.00000E+00  0.00000E+00  2.30E-01     6.48E-01     9.48E-01     1.15E+00     1.29E+00     1.39E+00     1.47E+00     1.53E+00     1.54E+00     
La           57           0.00000E+00  0.00000E+00  2.06E-01     6.17E-01     9.17E-01     1.12E+00     1.25E+00     1.35E+00     1.43E+00     1.49E+00     1.50E+00     
Ce           58           0.00000E+00  0.00000E+00  1.87E-01     6.21E-01     9.36E-01     1.14E+00     1.28E+00     1.38E+00     1.45E+00     1.51E+00     1.52E+00     
Pr           59           0.00000E+00  0.00000E+00  1.33E-01     4.43E-01     7.06E-01     8.94E-01     1.03E+00     1.13E+00     1.21E+00     1.27E+00     1.28E+00     
Nd           60           0.00000E+00  0.00000E+00  1.21E-01     4.90E-01     7.85E-01     9.83E-01     1.12E+00     1.22E+00     1.29E+00     1.35E+00     1.36E+00     
Pm           61           \N           \N           \N           \N           \N           \N           \N           \N           \N           \N           \N           
Sm           62           0.00000E+00  0.00000E+00  7.21E-02     3.29E-01     5.68E-01     7.44E-01     8.69E-01     9.59E-01     1.03E+00     1.08E+00     1.09E+00     
Eu           63           0.00000E+00  0.00000E+00  1.46E-02     8.19E-02     1.71E-01     2.58E-01     3.32E-01     3.93E-01     4.42E-01     4.81E-01     4.90E-01     
Gd           64           0.00000E+00  0.00000E+00  4.08E-02     1.87E-01     3.63E-01     5.01E-01     6.03E-01     6.79E-01     7.38E-01     7.85E-01     7.95E-01     
Tb           65           0.00000E+00  0.00000E+00  2.14E-02     1.22E-01     2.52E-01     3.67E-01     4.55E-01     5.22E-01     5.74E-01     6.16E-01     6.24E-01     
Dy           66           0.00000E+00  0.00000E+00  3.71E-02     2.05E-01     3.91E-01     5.37E-01     6.43E-01     7.21E-01     7.80E-01     8.26E-01     8.35E-01     
Ho           67           0.00000E+00  0.00000E+00  1.57E-02     1.02E-01     2.19E-01     3.25E-01     4.08E-01     4.73E-01     5.24E-01     5.64E-01     5.72E-01     
Er           68           0.00000E+00  0.00000E+00  3.44E-02     1.99E-01     3.93E-01     5.48E-01     6.60E-01     7.43E-01     8.06E-01     8.55E-01     8.64E-01     
Tm           69           0.00000E+00  0.00000E+00  1.73E-02     1.33E-01     2.86E-01     4.22E-01     5.26E-01     6.04E-01     6.63E-01     7.08E-01     7.17E-01     
Yb           70           0.00000E+00  0.00000E+00  7.18E-02     3.61E-01     6.27E-01     8.14E-01     9.45E-01     1.04E+00     1.11E+00     1.16E+00     1.17E+00     
Lu           71           0.00000E+00  0.00000E+00  3.21E-02     2.23E-01     4.36E-01     6.03E-01     7.24E-01     8.13E-01     8.81E-01     9.33E-01     9.43E-01     
Hf           72           0.00000E+00  0.00000E+00  9.99E-02     4.37E-01     7.25E-01     9.21E-01     1.06E+00     1.15E+00     1.22E+00     1.28E+00     1.29E+00     
Ta           73           0.00000E+00  0.00000E+00  6.78E-02     3.59E-01     6.31E-01     8.24E-01     9.60E-01     1.06E+00     1.13E+00     1.19E+00     1.20E+00     
W            74           0.00000E+00  0.00000E+00  8.98E-02     4.34E-01     7.22E-01     9.19E-01     1.06E+00     1.15E+00     1.23E+00     1.28E+00     1.30E+00     
Re           75           -6.05E-02    -6.18E-02    -2.99E-02    1.03E-01     2.68E-01     4.13E-01     5.30E-01     6.22E-01     6.96E-01     7.56E-01     7.68E-01     
Os           76           0.00000E+00  0.00000E+00  2.30E-02     1.28E-01     2.67E-01     3.86E-01     4.79E-01     5.49E-01     6.04E-01     6.48E-01     6.56E-01     
Ir           77           0.00000E+00  0.00000E+00  0.00000E+00  1.74E-02     4.53E-02     7.57E-02     1.03E-01     1.27E-01     1.47E-01     1.63E-01     1.67E-01     
Pt           78           0.00000E+00  0.00000E+00  0.00000E+00  6.91E-02     1.60E-01     2.48E-01     3.19E-01     3.74E-01     4.18E-01     4.52E-01     4.59E-01     
Au           79           0.00000E+00  0.00000E+00  0.00000E+00  5.59E-02     1.35E-01     2.14E-01     2.82E-01     3.36E-01     3.81E-01     4.16E-01     4.23E-01     
Hg           80           0.00000E+00  0.00000E+00  5.18E-02     3.61E-01     6.47E-01     8.44E-01     9.79E-01     1.07E+00     1.15E+00     1.20E+00     1.21E+00     
Tl           81           0.00000E+00  0.00000E+00  6.36E-02     4.36E-01     7.53E-01     9.60E-01     1.10E+00     1.19E+00     1.26E+00     1.31E+00     1.32E+00     
Pb           82           0.00000E+00  0.00000E+00  1.52E-02     2.22E-01     4.91E-01     7.02E-01     8.54E-01     9.62E-01     1.04E+00     1.10E+00     1.11E+00     
Bi           83           0.00000E+00  0.00000E+00  0.00000E+00  0.00000E+00  2.96E-02     6.34E-02     1.02E-01     1.41E-01     1.77E-01     2.09E-01     2.16E-01     
