[El/Fe]      Z            FDU          TDU_1        TDU_2        TDU_3        TDU_4        TDU_5        TDU_6        TDU_7        TDU_8        TDU_9        TDU_10       TDU_11       TDU_12       TDU_13       
C            6            -2.58E-01    3.87E-01     1.08E+00     1.46E+00     1.70E+00     1.87E+00     1.99E+00     2.09E+00     2.17E+00     2.24E+00     2.30E+00     2.35E+00     2.40E+00     2.41E+00     
N            7            4.71E-01     5.33E-01     5.34E-01     5.36E-01     5.39E-01     5.43E-01     5.49E-01     5.55E-01     5.63E-01     5.72E-01     5.83E-01     5.98E-01     6.20E-01     6.69E-01     
O            8            4.93E-01     4.89E-01     5.02E-01     5.27E-01     5.58E-01     5.89E-01     6.16E-01     6.39E-01     6.59E-01     6.77E-01     6.94E-01     7.09E-01     7.23E-01     7.25E-01     
F            9            -2.27E-02    -2.43E-02    6.49E-01     1.12E+00     1.41E+00     1.61E+00     1.76E+00     1.87E+00     1.97E+00     2.06E+00     2.13E+00     2.20E+00     2.26E+00     2.27E+00     
Ne           10           4.76E-01     4.77E-01     5.32E-01     6.47E-01     7.79E-01     9.09E-01     1.03E+00     1.14E+00     1.24E+00     1.34E+00     1.42E+00     1.50E+00     1.58E+00     1.59E+00     
Na           11           1.56E-01     1.81E-01     1.93E-01     2.36E-01     3.11E-01     4.02E-01     4.96E-01     5.89E-01     6.79E-01     7.66E-01     8.49E-01     9.29E-01     9.98E-01     1.02E+00     
Mg           12           4.33E-01     4.33E-01     4.33E-01     4.37E-01     4.45E-01     4.59E-01     4.79E-01     5.04E-01     5.35E-01     5.73E-01     6.16E-01     6.63E-01     7.10E-01     7.19E-01     
Al           13           0.00000E+00  1.58E-02     5.20E-02     1.06E-01     1.53E-01     1.88E-01     2.13E-01     2.32E-01     2.47E-01     2.61E-01     2.74E-01     2.88E-01     3.01E-01     3.05E-01     
Si           14           4.76E-01     4.76E-01     4.77E-01     4.77E-01     4.78E-01     4.79E-01     4.79E-01     4.80E-01     4.81E-01     4.82E-01     4.83E-01     4.84E-01     4.85E-01     4.86E-01     
P            15           0.00000E+00  0.00000E+00  1.02E-02     3.70E-02     7.44E-02     1.12E-01     1.45E-01     1.74E-01     1.99E-01     2.23E-01     2.46E-01     2.70E-01     2.90E-01     2.93E-01     
S            16           4.85E-01     4.85E-01     4.85E-01     4.85E-01     4.85E-01     4.85E-01     4.86E-01     4.86E-01     4.86E-01     4.86E-01     4.86E-01     4.86E-01     4.86E-01     4.86E-01     
Cl           17           0.00000E+00  0.00000E+00  0.00000E+00  0.00000E+00  1.37E-02     1.94E-02     2.52E-02     3.10E-02     3.70E-02     4.31E-02     4.94E-02     5.61E-02     6.22E-02     6.31E-02     
Ar           18           4.52E-01     4.52E-01     4.52E-01     4.51E-01     4.51E-01     4.51E-01     4.51E-01     4.50E-01     4.50E-01     4.49E-01     4.49E-01     4.48E-01     4.48E-01     4.48E-01     
K            19           0.00000E+00  0.00000E+00  0.00000E+00  0.00000E+00  0.00000E+00  1.28E-02     1.82E-02     2.43E-02     3.12E-02     3.88E-02     4.68E-02     5.52E-02     6.30E-02     6.49E-02     
Ca           20           4.91E-01     4.91E-01     4.91E-01     4.91E-01     4.90E-01     4.90E-01     4.90E-01     4.89E-01     4.89E-01     4.88E-01     4.88E-01     4.87E-01     4.87E-01     4.87E-01     
Sc           21           0.00000E+00  0.00000E+00  0.00000E+00  1.84E-02     3.45E-02     5.39E-02     7.61E-02     1.02E-01     1.30E-01     1.61E-01     1.93E-01     2.28E-01     2.58E-01     2.62E-01     
Ti           22           0.00000E+00  0.00000E+00  0.00000E+00  0.00000E+00  0.00000E+00  1.25E-02     1.63E-02     1.99E-02     2.34E-02     2.68E-02     3.01E-02     3.44E-02     3.81E-02     3.87E-02     
V            23           0.00000E+00  0.00000E+00  0.00000E+00  0.00000E+00  0.00000E+00  0.00000E+00  0.00000E+00  0.00000E+00  0.00000E+00  0.00000E+00  0.00000E+00  0.00000E+00  0.00000E+00  0.00000E+00  
Cr           24           0.00000E+00  0.00000E+00  0.00000E+00  0.00000E+00  0.00000E+00  0.00000E+00  0.00000E+00  0.00000E+00  0.00000E+00  0.00000E+00  0.00000E+00  0.00000E+00  0.00000E+00  0.00000E+00  
Mn           25           0.00000E+00  0.00000E+00  0.00000E+00  0.00000E+00  0.00000E+00  0.00000E+00  0.00000E+00  0.00000E+00  0.00000E+00  0.00000E+00  0.00000E+00  0.00000E+00  0.00000E+00  0.00000E+00  
Fe           26           0.00E+00     0.00E+00     0.00E+00     0.00E+00     0.00E+00     0.00E+00     0.00E+00     0.00E+00     0.00E+00     0.00E+00     0.00E+00     0.00E+00     0.00E+00     0.00E+00     
Co           27           0.00000E+00  0.00000E+00  0.00000E+00  1.87E-02     3.28E-02     5.22E-02     7.85E-02     1.12E-01     1.49E-01     1.90E-01     2.30E-01     2.68E-01     3.01E-01     3.07E-01     
Ni           28           0.00000E+00  0.00000E+00  0.00000E+00  0.00000E+00  0.00000E+00  0.00000E+00  0.00000E+00  0.00000E+00  0.00000E+00  0.00000E+00  1.04E-02     1.35E-02     1.66E-02     1.71E-02     
Cu           29           0.00000E+00  0.00000E+00  0.00000E+00  2.29E-02     3.88E-02     5.81E-02     8.24E-02     1.13E-01     1.51E-01     1.95E-01     2.42E-01     2.90E-01     3.32E-01     3.39E-01     
Zn           30           0.00000E+00  0.00000E+00  0.00000E+00  0.00000E+00  0.00000E+00  1.40E-02     1.96E-02     2.53E-02     3.18E-02     3.98E-02     4.92E-02     6.14E-02     7.27E-02     7.46E-02     
Ga           31           0.00000E+00  0.00000E+00  0.00000E+00  2.07E-02     3.81E-02     5.77E-02     7.85E-02     9.89E-02     1.20E-01     1.44E-01     1.70E-01     2.03E-01     2.31E-01     2.35E-01     
Ge           32           0.00000E+00  0.00000E+00  0.00000E+00  2.34E-02     4.38E-02     6.66E-02     9.00E-02     1.12E-01     1.34E-01     1.57E-01     1.81E-01     2.15E-01     2.40E-01     2.44E-01     
As           33           0.00000E+00  0.00000E+00  0.00000E+00  2.05E-02     3.89E-02     5.99E-02     8.16E-02     1.02E-01     1.21E-01     1.42E-01     1.62E-01     1.93E-01     2.15E-01     2.18E-01     
Se           34           0.00000E+00  0.00000E+00  1.03E-02     3.19E-02     5.79E-02     8.69E-02     1.16E-01     1.43E-01     1.69E-01     1.95E-01     2.19E-01     2.59E-01     2.84E-01     2.86E-01     
Br           35           0.00000E+00  0.00000E+00  0.00000E+00  1.64E-02     3.11E-02     4.92E-02     6.93E-02     8.92E-02     1.10E-01     1.29E-01     1.49E-01     1.77E-01     1.98E-01     2.06E-01     
Kr           36           0.00000E+00  0.00000E+00  1.39E-02     4.26E-02     7.80E-02     1.15E-01     1.52E-01     1.86E-01     2.20E-01     2.52E-01     2.81E-01     3.29E-01     3.59E-01     3.63E-01     
Rb           37           0.00000E+00  0.00000E+00  2.68E-02     6.76E-02     1.25E-01     1.94E-01     2.68E-01     3.39E-01     4.07E-01     4.68E-01     5.22E-01     6.01E-01     6.52E-01     6.58E-01     
Sr           38           0.00000E+00  0.00000E+00  9.01E-02     2.36E-01     3.80E-01     4.90E-01     5.70E-01     6.36E-01     6.89E-01     7.32E-01     7.69E-01     8.36E-01     8.73E-01     8.77E-01     
Y            39           0.00000E+00  0.00000E+00  1.06E-01     2.60E-01     4.18E-01     5.40E-01     6.29E-01     7.05E-01     7.67E-01     8.17E-01     8.59E-01     9.33E-01     9.76E-01     9.81E-01     
Zr           40           0.00000E+00  0.00000E+00  1.07E-01     2.67E-01     4.32E-01     5.56E-01     6.43E-01     7.20E-01     7.82E-01     8.33E-01     8.76E-01     9.46E-01     9.91E-01     9.96E-01     
Nb           41           0.00000E+00  0.00000E+00  0.00000E+00  1.04E-02     2.81E-02     5.70E-02     9.45E-02     1.36E-01     1.81E-01     2.26E-01     2.69E-01     3.10E-01     3.52E-01     3.86E-01     
Mo           42           0.00000E+00  0.00000E+00  6.44E-02     1.84E-01     3.20E-01     4.21E-01     4.93E-01     5.59E-01     6.12E-01     6.59E-01     6.99E-01     7.60E-01     8.04E-01     8.09E-01     
Tc           43           \N           \N           \N           \N           \N           \N           \N           \N           \N           \N           \N           \N           \N           \N           
Ru           44           0.00000E+00  0.00000E+00  4.45E-02     1.40E-01     2.61E-01     3.53E-01     4.18E-01     4.74E-01     5.20E-01     5.60E-01     5.94E-01     6.44E-01     6.83E-01     6.90E-01     
Rh           45           0.00000E+00  0.00000E+00  2.05E-02     6.76E-02     1.35E-01     1.91E-01     2.31E-01     2.69E-01     3.00E-01     3.27E-01     3.51E-01     3.88E-01     4.17E-01     4.22E-01     
Pd           46           0.00000E+00  0.00000E+00  6.50E-02     1.87E-01     3.34E-01     4.42E-01     5.14E-01     5.79E-01     6.29E-01     6.72E-01     7.08E-01     7.62E-01     8.03E-01     8.08E-01     
Ag           47           0.00000E+00  0.00000E+00  2.04E-02     6.52E-02     1.29E-01     1.82E-01     2.22E-01     2.60E-01     2.90E-01     3.19E-01     3.43E-01     3.80E-01     4.09E-01     4.13E-01     
Cd           48           0.00000E+00  0.00000E+00  8.89E-02     2.41E-01     4.12E-01     5.35E-01     6.17E-01     6.88E-01     7.42E-01     7.89E-01     8.27E-01     8.85E-01     9.26E-01     9.31E-01     
In           49           0.00000E+00  0.00000E+00  5.86E-02     1.70E-01     3.06E-01     4.08E-01     4.77E-01     5.38E-01     5.84E-01     6.23E-01     6.55E-01     7.06E-01     7.42E-01     7.47E-01     
Sn           50           0.00000E+00  0.00000E+00  1.09E-01     2.85E-01     4.73E-01     6.05E-01     6.95E-01     7.73E-01     8.33E-01     8.85E-01     9.26E-01     9.87E-01     1.03E+00     1.04E+00     
Sb           51           0.00000E+00  0.00000E+00  4.82E-02     1.41E-01     2.66E-01     3.68E-01     4.45E-01     5.16E-01     5.74E-01     6.25E-01     6.66E-01     7.25E-01     7.68E-01     7.74E-01     
Te           52           0.00000E+00  0.00000E+00  3.46E-02     1.08E-01     2.03E-01     2.79E-01     3.33E-01     3.84E-01     4.26E-01     4.63E-01     4.93E-01     5.38E-01     5.72E-01     5.76E-01     
I            53           0.00000E+00  0.00000E+00  0.00000E+00  3.44E-02     7.17E-02     1.04E-01     1.27E-01     1.51E-01     1.70E-01     1.88E-01     2.03E-01     2.26E-01     2.46E-01     2.49E-01     
Xe           54           0.00000E+00  0.00000E+00  3.94E-02     1.22E-01     2.32E-01     3.18E-01     3.79E-01     4.37E-01     4.83E-01     5.24E-01     5.58E-01     6.05E-01     6.41E-01     6.46E-01     
Cs           55           0.00000E+00  0.00000E+00  6.75E-02     1.86E-01     3.45E-01     4.66E-01     5.50E-01     6.24E-01     6.82E-01     7.32E-01     7.70E-01     8.25E-01     8.66E-01     8.70E-01     
Ba           56           0.00000E+00  0.00000E+00  2.68E-01     6.09E-01     8.86E-01     1.05E+00     1.15E+00     1.23E+00     1.30E+00     1.35E+00     1.40E+00     1.45E+00     1.49E+00     1.50E+00     
La           57           0.00000E+00  0.00000E+00  2.77E-01     6.27E-01     9.06E-01     1.07E+00     1.17E+00     1.25E+00     1.32E+00     1.38E+00     1.42E+00     1.48E+00     1.52E+00     1.53E+00     
Ce           58           0.00000E+00  0.00000E+00  3.25E-01     7.14E-01     1.01E+00     1.17E+00     1.28E+00     1.36E+00     1.42E+00     1.48E+00     1.53E+00     1.58E+00     1.62E+00     1.63E+00     
Pr           59           0.00000E+00  0.00000E+00  2.36E-01     5.62E-01     8.44E-01     1.01E+00     1.12E+00     1.21E+00     1.28E+00     1.34E+00     1.38E+00     1.44E+00     1.48E+00     1.49E+00     
Nd           60           0.00000E+00  0.00000E+00  2.74E-01     6.36E-01     9.18E-01     1.08E+00     1.18E+00     1.26E+00     1.32E+00     1.38E+00     1.43E+00     1.48E+00     1.52E+00     1.52E+00     
Pm           61           \N           \N           \N           \N           \N           \N           \N           \N           \N           \N           \N           \N           \N           \N           
Sm           62           0.00000E+00  0.00000E+00  1.86E-01     4.70E-01     7.16E-01     8.65E-01     9.74E-01     1.05E+00     1.12E+00     1.19E+00     1.23E+00     1.29E+00     1.33E+00     1.34E+00     
Eu           63           0.00000E+00  0.00000E+00  4.26E-02     1.39E-01     2.58E-01     3.49E-01     4.24E-01     4.83E-01     5.37E-01     5.86E-01     6.27E-01     6.73E-01     7.12E-01     7.18E-01     
Gd           64           0.00000E+00  0.00000E+00  1.04E-01     2.94E-01     4.97E-01     6.35E-01     7.42E-01     8.24E-01     8.96E-01     9.60E-01     1.01E+00     1.07E+00     1.12E+00     1.12E+00     
Tb           65           0.00000E+00  0.00000E+00  6.02E-02     1.84E-01     3.30E-01     4.39E-01     5.26E-01     5.96E-01     6.59E-01     7.16E-01     7.63E-01     8.17E-01     8.60E-01     8.66E-01     
Dy           66           0.00000E+00  0.00000E+00  1.01E-01     2.91E-01     4.78E-01     6.03E-01     7.01E-01     7.78E-01     8.46E-01     9.08E-01     9.59E-01     1.02E+00     1.06E+00     1.07E+00     
Ho           67           0.00000E+00  0.00000E+00  5.32E-02     1.74E-01     3.08E-01     4.04E-01     4.82E-01     5.45E-01     6.03E-01     6.57E-01     7.02E-01     7.54E-01     7.93E-01     7.97E-01     
Er           68           0.00000E+00  0.00000E+00  1.12E-01     3.33E-01     5.42E-01     6.71E-01     7.69E-01     8.45E-01     9.12E-01     9.74E-01     1.02E+00     1.08E+00     1.13E+00     1.13E+00     
Tm           69           0.00000E+00  0.00000E+00  6.74E-02     2.27E-01     3.88E-01     4.92E-01     5.74E-01     6.39E-01     6.99E-01     7.55E-01     8.03E-01     8.56E-01     9.00E-01     9.08E-01     
Yb           70           0.00000E+00  0.00000E+00  2.21E-01     5.58E-01     8.30E-01     9.81E-01     1.09E+00     1.17E+00     1.24E+00     1.30E+00     1.35E+00     1.41E+00     1.46E+00     1.46E+00     
Lu           71           0.00000E+00  0.00000E+00  1.62E-01     4.51E-01     6.99E-01     8.38E-01     9.39E-01     1.01E+00     1.08E+00     1.14E+00     1.18E+00     1.24E+00     1.28E+00     1.29E+00     
Hf           72           0.00000E+00  0.00000E+00  2.88E-01     6.49E-01     9.35E-01     1.09E+00     1.21E+00     1.29E+00     1.36E+00     1.43E+00     1.48E+00     1.54E+00     1.58E+00     1.59E+00     
Ta           73           0.00000E+00  0.00000E+00  2.52E-01     5.99E-01     8.72E-01     1.03E+00     1.13E+00     1.21E+00     1.28E+00     1.35E+00     1.40E+00     1.46E+00     1.50E+00     1.51E+00     
W            74           0.00000E+00  0.00000E+00  3.08E-01     6.98E-01     9.83E-01     1.14E+00     1.24E+00     1.32E+00     1.39E+00     1.45E+00     1.50E+00     1.55E+00     1.60E+00     1.60E+00     
Re           75           -6.05E-02    -6.40E-02    6.91E-02     3.21E-01     5.59E-01     7.00E-01     7.99E-01     8.70E-01     9.34E-01     9.91E-01     1.04E+00     1.09E+00     1.14E+00     1.15E+00     
Os           76           0.00000E+00  0.00000E+00  9.04E-02     2.63E-01     4.53E-01     5.79E-01     6.72E-01     7.40E-01     8.00E-01     8.55E-01     9.02E-01     9.53E-01     9.95E-01     1.00E+00     
Ir           77           0.00000E+00  0.00000E+00  1.23E-02     4.49E-02     9.55E-02     1.39E-01     1.78E-01     2.10E-01     2.41E-01     2.71E-01     2.97E-01     3.28E-01     3.54E-01     3.59E-01     
Pt           78           0.00000E+00  0.00000E+00  4.66E-02     1.54E-01     2.84E-01     3.82E-01     4.62E-01     5.24E-01     5.81E-01     6.34E-01     6.79E-01     7.30E-01     7.70E-01     7.76E-01     
Au           79           0.00000E+00  0.00000E+00  3.94E-02     1.43E-01     2.62E-01     3.48E-01     4.17E-01     4.69E-01     5.18E-01     5.63E-01     6.03E-01     6.48E-01     6.85E-01     6.90E-01     
Hg           80           0.00000E+00  0.00000E+00  2.89E-01     6.87E-01     9.83E-01     1.14E+00     1.26E+00     1.33E+00     1.39E+00     1.45E+00     1.50E+00     1.55E+00     1.59E+00     1.60E+00     
Tl           81           0.00000E+00  0.00000E+00  3.72E-01     8.15E-01     1.12E+00     1.28E+00     1.39E+00     1.47E+00     1.54E+00     1.59E+00     1.64E+00     1.69E+00     1.73E+00     1.74E+00     
Pb           82           0.00000E+00  0.00000E+00  1.39E+00     1.93E+00     2.23E+00     2.42E+00     2.54E+00     2.62E+00     2.69E+00     2.74E+00     2.78E+00     2.82E+00     2.85E+00     2.85E+00     
Bi           83           0.00000E+00  0.00000E+00  7.36E-01     1.22E+00     1.53E+00     1.75E+00     1.91E+00     2.02E+00     2.11E+00     2.18E+00     2.24E+00     2.29E+00     2.33E+00     2.33E+00     
