[El/Fe]      Z            FDU          TDU_1        TDU_2        TDU_3        TDU_4        TDU_5        TDU_6        TDU_7        TDU_8        TDU_9        
C            6            -1.95E-01    -1.35E-01    0.00000E+00  1.60E-01     3.00E-01     4.12E-01     5.07E-01     5.87E-01     6.60E-01     7.00E-01     
N            7            3.67E-01     3.73E-01     3.73E-01     3.73E-01     3.72E-01     3.71E-01     3.70E-01     3.68E-01     3.67E-01     3.67E-01     
O            8            0.00000E+00  0.00000E+00  0.00000E+00  0.00000E+00  0.00000E+00  0.00000E+00  0.00000E+00  1.08E-02     1.16E-02     1.18E-02     
F            9            0.00000E+00  3.98E-02     1.76E-01     3.01E-01     4.01E-01     4.76E-01     5.39E-01     5.93E-01     6.48E-01     6.80E-01     
Ne           10           0.00000E+00  0.00000E+00  2.19E-02     4.97E-02     8.42E-02     1.19E-01     1.56E-01     1.93E-01     2.33E-01     2.57E-01     
Na           11           9.16E-02     9.71E-02     1.05E-01     1.16E-01     1.30E-01     1.43E-01     1.56E-01     1.70E-01     1.85E-01     1.95E-01     
Mg           12           0.00000E+00  0.00000E+00  0.00000E+00  0.00000E+00  0.00000E+00  0.00000E+00  0.00000E+00  1.26E-02     1.65E-02     1.93E-02     
Al           13           0.00000E+00  0.00000E+00  0.00000E+00  0.00000E+00  0.00000E+00  0.00000E+00  0.00000E+00  0.00000E+00  0.00000E+00  1.04E-02     
Si           14           0.00000E+00  0.00000E+00  0.00000E+00  0.00000E+00  0.00000E+00  0.00000E+00  0.00000E+00  0.00000E+00  0.00000E+00  0.00000E+00  
P            15           0.00000E+00  0.00000E+00  0.00000E+00  1.16E-02     1.87E-02     2.55E-02     3.19E-02     3.79E-02     4.36E-02     4.66E-02     
S            16           0.00000E+00  0.00000E+00  0.00000E+00  0.00000E+00  0.00000E+00  0.00000E+00  0.00000E+00  0.00000E+00  0.00000E+00  0.00000E+00  
Cl           17           0.00000E+00  0.00000E+00  0.00000E+00  1.04E-02     1.65E-02     2.22E-02     2.76E-02     3.24E-02     3.70E-02     3.95E-02     
Ar           18           0.00000E+00  0.00000E+00  0.00000E+00  0.00000E+00  0.00000E+00  0.00000E+00  0.00000E+00  0.00000E+00  0.00000E+00  0.00000E+00  
K            19           0.00000E+00  0.00000E+00  0.00000E+00  0.00000E+00  0.00000E+00  0.00000E+00  1.18E-02     1.42E-02     1.67E-02     1.83E-02     
Ca           20           0.00000E+00  0.00000E+00  0.00000E+00  0.00000E+00  0.00000E+00  0.00000E+00  0.00000E+00  0.00000E+00  0.00000E+00  0.00000E+00  
Sc           21           0.00000E+00  0.00000E+00  0.00000E+00  1.79E-02     2.84E-02     3.93E-02     5.07E-02     6.22E-02     7.44E-02     8.16E-02     
Ti           22           0.00000E+00  0.00000E+00  0.00000E+00  0.00000E+00  0.00000E+00  0.00000E+00  0.00000E+00  1.07E-02     1.27E-02     1.38E-02     
V            23           0.00000E+00  0.00000E+00  0.00000E+00  0.00000E+00  0.00000E+00  0.00000E+00  0.00000E+00  0.00000E+00  0.00000E+00  0.00000E+00  
Cr           24           0.00000E+00  0.00000E+00  0.00000E+00  0.00000E+00  0.00000E+00  0.00000E+00  0.00000E+00  0.00000E+00  0.00000E+00  0.00000E+00  
Mn           25           0.00000E+00  0.00000E+00  0.00000E+00  0.00000E+00  0.00000E+00  0.00000E+00  0.00000E+00  0.00000E+00  0.00000E+00  0.00000E+00  
Fe           26           0.00E+00     0.00E+00     0.00E+00     0.00E+00     0.00E+00     0.00E+00     0.00E+00     0.00E+00     0.00E+00     0.00E+00     
Co           27           0.00000E+00  0.00000E+00  1.24E-02     2.20E-02     3.19E-02     4.13E-02     5.09E-02     6.08E-02     7.18E-02     8.00E-02     
Ni           28           0.00000E+00  0.00000E+00  0.00000E+00  0.00000E+00  0.00000E+00  0.00000E+00  0.00000E+00  0.00000E+00  0.00000E+00  0.00000E+00  
Cu           29           0.00000E+00  1.42E-02     4.79E-02     8.53E-02     1.20E-01     1.47E-01     1.68E-01     1.86E-01     2.02E-01     2.11E-01     
Zn           30           0.00000E+00  0.00000E+00  2.77E-02     5.82E-02     8.97E-02     1.16E-01     1.37E-01     1.54E-01     1.69E-01     1.77E-01     
Ga           31           0.00000E+00  2.73E-02     1.17E-01     2.27E-01     3.23E-01     3.94E-01     4.46E-01     4.84E-01     5.16E-01     5.32E-01     
Ge           32           0.00000E+00  2.25E-02     1.03E-01     2.05E-01     2.99E-01     3.70E-01     4.25E-01     4.65E-01     4.99E-01     5.16E-01     
As           33           0.00000E+00  1.39E-02     6.63E-02     1.39E-01     2.10E-01     2.68E-01     3.13E-01     3.48E-01     3.78E-01     3.93E-01     
Se           34           0.00000E+00  2.63E-02     1.20E-01     2.32E-01     3.31E-01     4.07E-01     4.65E-01     5.08E-01     5.45E-01     5.64E-01     
Br           35           0.00000E+00  1.35E-02     6.53E-02     1.43E-01     2.23E-01     2.92E-01     3.49E-01     3.96E-01     4.35E-01     4.62E-01     
Kr           36           0.00000E+00  2.53E-02     1.26E-01     2.59E-01     3.78E-01     4.67E-01     5.35E-01     5.86E-01     6.29E-01     6.51E-01     
Rb           37           0.00000E+00  3.81E-02     1.47E-01     2.56E-01     3.57E-01     4.41E-01     5.12E-01     5.73E-01     6.28E-01     6.58E-01     
Sr           38           0.00000E+00  5.97E-02     3.68E-01     6.88E-01     9.10E-01     1.06E+00     1.18E+00     1.26E+00     1.32E+00     1.36E+00     
Y            39           0.00000E+00  4.85E-02     3.07E-01     5.93E-01     8.06E-01     9.62E-01     1.08E+00     1.17E+00     1.25E+00     1.29E+00     
Zr           40           0.00000E+00  2.34E-02     2.16E-01     4.85E-01     6.97E-01     8.57E-01     9.86E-01     1.09E+00     1.17E+00     1.21E+00     
Nb           41           0.00000E+00  0.00000E+00  1.27E-02     5.06E-02     1.14E-01     1.93E-01     2.78E-01     3.63E-01     4.42E-01     5.10E-01     
Mo           42           0.00000E+00  0.00000E+00  1.01E-01     2.86E-01     4.60E-01     6.08E-01     7.35E-01     8.40E-01     9.24E-01     9.63E-01     
Tc           43           \N           \N           \N           \N           \N           \N           \N           \N           \N           \N           
Ru           44           0.00000E+00  0.00000E+00  6.74E-02     2.12E-01     3.61E-01     4.96E-01     6.17E-01     7.21E-01     8.05E-01     8.45E-01     
Rh           45           0.00000E+00  0.00000E+00  3.18E-02     1.09E-01     2.01E-01     2.94E-01     3.85E-01     4.67E-01     5.36E-01     5.68E-01     
Pd           46           0.00000E+00  0.00000E+00  9.38E-02     2.81E-01     4.60E-01     6.13E-01     7.47E-01     8.59E-01     9.49E-01     9.89E-01     
Ag           47           0.00000E+00  0.00000E+00  2.60E-02     9.14E-02     1.72E-01     2.57E-01     3.42E-01     4.22E-01     4.89E-01     5.22E-01     
Cd           48           0.00000E+00  0.00000E+00  1.04E-01     3.07E-01     4.99E-01     6.63E-01     8.07E-01     9.29E-01     1.03E+00     1.07E+00     
In           49           0.00000E+00  0.00000E+00  6.36E-02     2.08E-01     3.61E-01     5.03E-01     6.34E-01     7.49E-01     8.42E-01     8.85E-01     
Sn           50           0.00000E+00  0.00000E+00  8.77E-02     2.80E-01     4.69E-01     6.36E-01     7.89E-01     9.20E-01     1.02E+00     1.07E+00     
Sb           51           0.00000E+00  0.00000E+00  2.80E-02     1.08E-01     2.11E-01     3.24E-01     4.43E-01     5.57E-01     6.53E-01     6.97E-01     
Te           52           0.00000E+00  0.00000E+00  2.17E-02     8.98E-02     1.78E-01     2.76E-01     3.80E-01     4.80E-01     5.62E-01     5.99E-01     
I            53           0.00000E+00  0.00000E+00  0.00000E+00  2.57E-02     5.63E-02     9.58E-02     1.45E-01     2.00E-01     2.50E-01     2.74E-01     
Xe           54           0.00000E+00  0.00000E+00  1.84E-02     8.03E-02     1.65E-01     2.62E-01     3.70E-01     4.77E-01     5.65E-01     6.04E-01     
Cs           55           0.00000E+00  0.00000E+00  2.25E-02     8.62E-02     1.80E-01     2.95E-01     4.28E-01     5.62E-01     6.74E-01     7.22E-01     
Ba           56           0.00000E+00  0.00000E+00  4.96E-02     2.21E-01     4.22E-01     6.17E-01     8.09E-01     9.85E-01     1.11E+00     1.17E+00     
La           57           0.00000E+00  0.00000E+00  3.19E-02     1.69E-01     3.50E-01     5.39E-01     7.33E-01     9.14E-01     1.04E+00     1.10E+00     
Ce           58           0.00000E+00  0.00000E+00  2.05E-02     1.28E-01     2.90E-01     4.74E-01     6.69E-01     8.55E-01     9.88E-01     1.04E+00     
Pr           59           0.00000E+00  0.00000E+00  1.09E-02     6.92E-02     1.73E-01     3.12E-01     4.79E-01     6.51E-01     7.83E-01     8.37E-01     
Nd           60           0.00000E+00  0.00000E+00  1.07E-02     7.55E-02     1.89E-01     3.36E-01     5.08E-01     6.81E-01     8.09E-01     8.62E-01     
Pm           61           \N           \N           \N           \N           \N           \N           \N           \N           \N           \N           
Sm           62           0.00000E+00  0.00000E+00  0.00000E+00  3.59E-02     9.90E-02     1.94E-01     3.20E-01     4.59E-01     5.68E-01     6.14E-01     
Eu           63           0.00000E+00  0.00000E+00  0.00000E+00  0.00000E+00  1.60E-02     3.71E-02     7.22E-02     1.21E-01     1.67E-01     1.89E-01     
Gd           64           0.00000E+00  0.00000E+00  0.00000E+00  1.62E-02     4.65E-02     9.65E-02     1.71E-01     2.65E-01     3.48E-01     3.85E-01     
Tb           65           0.00000E+00  0.00000E+00  0.00000E+00  0.00000E+00  2.76E-02     5.92E-02     1.07E-01     1.70E-01     2.26E-01     2.52E-01     
Dy           66           0.00000E+00  0.00000E+00  0.00000E+00  1.75E-02     5.06E-02     1.05E-01     1.83E-01     2.77E-01     3.55E-01     3.89E-01     
Ho           67           0.00000E+00  0.00000E+00  0.00000E+00  0.00000E+00  2.39E-02     5.29E-02     9.85E-02     1.59E-01     2.12E-01     2.35E-01     
Er           68           0.00000E+00  0.00000E+00  0.00000E+00  1.86E-02     5.48E-02     1.15E-01     2.02E-01     3.07E-01     3.94E-01     4.31E-01     
Tm           69           0.00000E+00  0.00000E+00  0.00000E+00  1.56E-02     4.78E-02     1.02E-01     1.81E-01     2.76E-01     3.53E-01     3.86E-01     
Yb           70           0.00000E+00  0.00000E+00  0.00000E+00  3.86E-02     1.09E-01     2.16E-01     3.56E-01     5.08E-01     6.26E-01     6.74E-01     
Lu           71           0.00000E+00  0.00000E+00  0.00000E+00  1.94E-02     6.04E-02     1.29E-01     2.29E-01     3.46E-01     4.41E-01     4.82E-01     
Hf           72           0.00000E+00  0.00000E+00  0.00000E+00  4.87E-02     1.35E-01     2.62E-01     4.23E-01     5.91E-01     7.18E-01     7.70E-01     
Ta           73           0.00000E+00  0.00000E+00  0.00000E+00  3.75E-02     1.09E-01     2.21E-01     3.68E-01     5.26E-01     6.47E-01     6.98E-01     
W            74           0.00000E+00  0.00000E+00  0.00000E+00  4.78E-02     1.35E-01     2.68E-01     4.36E-01     6.10E-01     7.40E-01     7.94E-01     
Re           75           -6.15E-02    -6.28E-02    -6.18E-02    -5.06E-02    -2.14E-02    3.47E-02     1.26E-01     2.40E-01     3.39E-01     3.82E-01     
Os           76           0.00000E+00  0.00000E+00  0.00000E+00  1.07E-02     2.54E-02     5.29E-02     9.81E-02     1.59E-01     2.16E-01     2.42E-01     
Ir           77           0.00000E+00  0.00000E+00  0.00000E+00  0.00000E+00  0.00000E+00  0.00000E+00  1.23E-02     2.45E-02     3.71E-02     4.34E-02     
Pt           78           0.00000E+00  0.00000E+00  0.00000E+00  0.00000E+00  1.47E-02     3.44E-02     6.73E-02     1.13E-01     1.55E-01     1.76E-01     
Au           79           0.00000E+00  0.00000E+00  0.00000E+00  0.00000E+00  1.18E-02     2.92E-02     5.96E-02     1.02E-01     1.43E-01     1.63E-01     
Hg           80           0.00000E+00  0.00000E+00  0.00000E+00  3.35E-02     9.82E-02     2.06E-01     3.53E-01     5.11E-01     6.35E-01     6.87E-01     
Tl           81           0.00000E+00  0.00000E+00  0.00000E+00  3.99E-02     1.20E-01     2.52E-01     4.27E-01     6.05E-01     7.37E-01     7.91E-01     
Pb           82           0.00000E+00  0.00000E+00  0.00000E+00  1.12E-02     3.70E-02     9.64E-02     2.07E-01     3.53E-01     4.81E-01     5.38E-01     
Bi           83           0.00000E+00  0.00000E+00  0.00000E+00  0.00000E+00  0.00000E+00  0.00000E+00  0.00000E+00  2.49E-02     4.65E-02     5.97E-02     
