[El/Fe]      Z            FDU          TDU_1        TDU_2        TDU_3        TDU_4        TDU_5        TDU_6        TDU_7        TDU_8        
C            6            -1.88e-01    -1.44e-01    -4.95e-02    6.88e-02     1.78e-01     2.73e-01     3.51e-01     4.19e-01     4.80e-01     
N            7            3.60e-01     3.66e-01     3.66e-01     3.65e-01     3.64e-01     3.63e-01     3.62e-01     3.61e-01     3.60e-01     
O            8            0.00000E+00  0.00000E+00  0.00000E+00  0.00000E+00  0.00000E+00  0.00000E+00  0.00000E+00  0.00000E+00  0.00000E+00  
F            9            0.00000E+00  0.00000E+00  5.48e-02     1.36e-01     2.18e-01     2.93e-01     3.56e-01     4.11e-01     4.62e-01     
Ne           10           0.00000E+00  0.00000E+00  1.22e-02     3.15e-02     5.59e-02     8.28e-02     1.10e-01     1.37e-01     1.65e-01     
Na           11           8.31e-02     8.60e-02     9.08e-02     9.81e-02     1.07e-01     1.17e-01     1.27e-01     1.36e-01     1.47e-01     
Mg           12           0.00000E+00  0.00000E+00  0.00000E+00  0.00000E+00  0.00000E+00  0.00000E+00  0.00000E+00  0.00000E+00  0.00000E+00  
Al           13           0.00000E+00  0.00000E+00  0.00000E+00  0.00000E+00  0.00000E+00  0.00000E+00  0.00000E+00  0.00000E+00  0.00000E+00  
Si           14           0.00000E+00  0.00000E+00  0.00000E+00  0.00000E+00  0.00000E+00  0.00000E+00  0.00000E+00  0.00000E+00  0.00000E+00  
P            15           0.00000E+00  0.00000E+00  0.00000E+00  0.00000E+00  0.00000E+00  0.00000E+00  1.07e-02     1.29e-02     1.50e-02     
S            16           0.00000E+00  0.00000E+00  0.00000E+00  0.00000E+00  0.00000E+00  0.00000E+00  0.00000E+00  0.00000E+00  0.00000E+00  
Cl           17           0.00000E+00  0.00000E+00  0.00000E+00  0.00000E+00  0.00000E+00  1.11e-02     1.37e-02     1.60e-02     1.80e-02     
Ar           18           0.00000E+00  0.00000E+00  0.00000E+00  0.00000E+00  0.00000E+00  0.00000E+00  0.00000E+00  0.00000E+00  0.00000E+00  
K            19           0.00000E+00  0.00000E+00  0.00000E+00  0.00000E+00  0.00000E+00  0.00000E+00  0.00000E+00  0.00000E+00  0.00000E+00  
Ca           20           0.00000E+00  0.00000E+00  0.00000E+00  0.00000E+00  0.00000E+00  0.00000E+00  0.00000E+00  0.00000E+00  0.00000E+00  
Sc           21           0.00000E+00  0.00000E+00  0.00000E+00  0.00000E+00  1.32e-02     1.79e-02     2.27e-02     2.75e-02     3.26e-02     
Ti           22           0.00000E+00  0.00000E+00  0.00000E+00  0.00000E+00  0.00000E+00  0.00000E+00  0.00000E+00  0.00000E+00  0.00000E+00  
V            23           0.00000E+00  0.00000E+00  0.00000E+00  0.00000E+00  0.00000E+00  0.00000E+00  0.00000E+00  0.00000E+00  0.00000E+00  
Cr           24           0.00000E+00  0.00000E+00  0.00000E+00  0.00000E+00  0.00000E+00  0.00000E+00  0.00000E+00  0.00000E+00  0.00000E+00  
Mn           25           0.00000E+00  0.00000E+00  0.00000E+00  0.00000E+00  0.00000E+00  0.00000E+00  0.00000E+00  0.00000E+00  0.00000E+00  
Fe           26           0.00e+00     0.00e+00     0.00e+00     0.00e+00     0.00e+00     0.00e+00     0.00e+00     0.00e+00     0.00e+00     
Co           27           0.00000E+00  0.00000E+00  0.00000E+00  1.53e-02     2.26e-02     2.94e-02     3.52e-02     4.05e-02     4.56e-02     
Ni           28           0.00000E+00  0.00000E+00  0.00000E+00  0.00000E+00  0.00000E+00  0.00000E+00  0.00000E+00  0.00000E+00  0.00000E+00  
Cu           29           0.00000E+00  0.00000E+00  1.32e-02     2.73e-02     4.21e-02     5.59e-02     6.72e-02     7.62e-02     8.35e-02     
Zn           30           0.00000E+00  0.00000E+00  0.00000E+00  1.40e-02     2.38e-02     3.37e-02     4.21e-02     4.90e-02     5.45e-02     
Ga           31           0.00000E+00  0.00000E+00  2.56e-02     6.51e-02     1.06e-01     1.46e-01     1.78e-01     2.05e-01     2.26e-01     
Ge           32           0.00000E+00  0.00000E+00  2.30e-02     5.84e-02     9.56e-02     1.33e-01     1.64e-01     1.90e-01     2.12e-01     
As           33           0.00000E+00  0.00000E+00  1.47e-02     3.76e-02     6.21e-02     8.74e-02     1.10e-01     1.29e-01     1.46e-01     
Se           34           0.00000E+00  0.00000E+00  2.96e-02     7.16e-02     1.12e-01     1.53e-01     1.89e-01     2.19e-01     2.46e-01     
Br           35           0.00000E+00  0.00000E+00  1.58e-02     4.18e-02     7.16e-02     1.03e-01     1.32e-01     1.59e-01     1.82e-01     
Kr           36           0.00000E+00  1.04e-02     3.23e-02     7.95e-02     1.26e-01     1.74e-01     2.17e-01     2.56e-01     2.90e-01     
Rb           37           0.00000E+00  2.19e-02     5.18e-02     9.46e-02     1.32e-01     1.69e-01     2.03e-01     2.35e-01     2.66e-01     
Sr           38           0.00000E+00  3.24e-02     9.78e-02     2.50e-01     3.73e-01     4.94e-01     6.09e-01     7.11e-01     7.99e-01     
Y            39           0.00000E+00  2.67e-02     7.86e-02     1.89e-01     2.84e-01     3.86e-01     4.95e-01     6.01e-01     6.96e-01     
Zr           40           0.00000E+00  1.37e-02     4.38e-02     1.19e-01     1.92e-01     2.78e-01     3.86e-01     5.00e-01     6.04e-01     
Nb           41           0.00000E+00  0.00000E+00  0.00000E+00  0.00000E+00  1.74e-02     3.16e-02     5.14e-02     7.80e-02     1.10e-01     
Mo           42           0.00000E+00  0.00000E+00  1.35e-02     4.55e-02     8.15e-02     1.32e-01     2.08e-01     3.01e-01     3.93e-01     
Tc           43           \N           \N           \N           \N           \N           \N           \N           \N           \N           
Ru           44           0.00000E+00  0.00000E+00  0.00000E+00  2.66e-02     5.11e-02     8.74e-02     1.47e-01     2.24e-01     3.04e-01     
Rh           45           0.00000E+00  0.00000E+00  0.00000E+00  1.12e-02     2.18e-02     3.86e-02     6.89e-02     1.12e-01     1.61e-01     
Pd           46           0.00000E+00  0.00000E+00  0.00000E+00  3.71e-02     6.99e-02     1.18e-01     1.97e-01     2.96e-01     3.95e-01     
Ag           47           0.00000E+00  0.00000E+00  0.00000E+00  0.00000E+00  1.71e-02     3.07e-02     5.60e-02     9.35e-02     1.36e-01     
Cd           48           0.00000E+00  0.00000E+00  1.11e-02     4.07e-02     7.61e-02     1.28e-01     2.14e-01     3.24e-01     4.32e-01     
In           49           0.00000E+00  0.00000E+00  0.00000E+00  2.37e-02     4.53e-02     7.85e-02     1.38e-01     2.20e-01     3.05e-01     
Sn           50           0.00000E+00  0.00000E+00  0.00000E+00  3.23e-02     6.26e-02     1.08e-01     1.89e-01     2.99e-01     4.08e-01     
Sb           51           0.00000E+00  0.00000E+00  0.00000E+00  0.00000E+00  1.82e-02     3.37e-02     6.55e-02     1.17e-01     1.76e-01     
Te           52           0.00000E+00  0.00000E+00  0.00000E+00  0.00000E+00  1.48e-02     2.80e-02     5.49e-02     9.91e-02     1.50e-01     
I            53           0.00000E+00  0.00000E+00  0.00000E+00  0.00000E+00  0.00000E+00  0.00000E+00  1.12e-02     2.45e-02     4.14e-02     
Xe           54           0.00000E+00  0.00000E+00  0.00000E+00  0.00000E+00  1.27e-02     2.45e-02     4.90e-02     9.09e-02     1.40e-01     
Cs           55           0.00000E+00  0.00000E+00  0.00000E+00  0.00000E+00  1.23e-02     2.40e-02     4.94e-02     9.57e-02     1.53e-01     
Ba           56           0.00000E+00  0.00000E+00  0.00000E+00  1.76e-02     3.89e-02     7.47e-02     1.44e-01     2.56e-01     3.69e-01     
La           57           0.00000E+00  0.00000E+00  0.00000E+00  1.12e-02     2.61e-02     5.32e-02     1.08e-01     2.02e-01     3.01e-01     
Ce           58           0.00000E+00  0.00000E+00  0.00000E+00  0.00000E+00  1.77e-02     3.80e-02     8.22e-02     1.61e-01     2.48e-01     
Pr           59           0.00000E+00  0.00000E+00  0.00000E+00  0.00000E+00  0.00000E+00  1.77e-02     4.12e-02     8.72e-02     1.44e-01     
Nd           60           0.00000E+00  0.00000E+00  0.00000E+00  0.00000E+00  0.00000E+00  2.07e-02     4.76e-02     9.92e-02     1.61e-01     
Pm           61           \N           \N           \N           \N           \N           \N           \N           \N           \N           
Sm           62           0.00000E+00  0.00000E+00  0.00000E+00  0.00000E+00  0.00000E+00  0.00000E+00  2.11e-02     4.78e-02     8.22e-02     
Eu           63           0.00000E+00  0.00000E+00  0.00000E+00  0.00000E+00  0.00000E+00  0.00000E+00  0.00000E+00  0.00000E+00  0.00000E+00  
Gd           64           0.00000E+00  0.00000E+00  0.00000E+00  0.00000E+00  0.00000E+00  0.00000E+00  0.00000E+00  2.24e-02     3.91e-02     
Tb           65           0.00000E+00  0.00000E+00  0.00000E+00  0.00000E+00  0.00000E+00  0.00000E+00  0.00000E+00  1.02e-02     2.01e-02     
Dy           66           0.00000E+00  0.00000E+00  0.00000E+00  0.00000E+00  0.00000E+00  0.00000E+00  1.07e-02     2.50e-02     4.34e-02     
Ho           67           0.00000E+00  0.00000E+00  0.00000E+00  0.00000E+00  0.00000E+00  0.00000E+00  0.00000E+00  0.00000E+00  1.62e-02     
Er           68           0.00000E+00  0.00000E+00  0.00000E+00  0.00000E+00  0.00000E+00  0.00000E+00  1.21e-02     2.74e-02     4.76e-02     
Tm           69           0.00000E+00  0.00000E+00  0.00000E+00  0.00000E+00  0.00000E+00  0.00000E+00  0.00000E+00  2.30e-02     4.17e-02     
Yb           70           0.00000E+00  0.00000E+00  0.00000E+00  0.00000E+00  0.00000E+00  1.18e-02     2.73e-02     5.83e-02     9.82e-02     
Lu           71           0.00000E+00  0.00000E+00  0.00000E+00  0.00000E+00  0.00000E+00  0.00000E+00  1.02e-02     2.73e-02     5.08e-02     
Hf           72           0.00000E+00  0.00000E+00  0.00000E+00  0.00000E+00  0.00000E+00  1.52e-02     3.43e-02     7.27e-02     1.22e-01     
Ta           73           0.00000E+00  0.00000E+00  0.00000E+00  0.00000E+00  0.00000E+00  1.02e-02     2.51e-02     5.65e-02     9.80e-02     
W            74           0.00000E+00  0.00000E+00  0.00000E+00  0.00000E+00  0.00000E+00  1.48e-02     3.39e-02     7.32e-02     1.24e-01     
Re           75           -6.28e-02    -6.40e-02    -6.41e-02    -6.42e-02    -6.42e-02    -6.32e-02    -5.85e-02    -4.66e-02    -2.88e-02    
Os           76           0.00000E+00  0.00000E+00  0.00000E+00  0.00000E+00  0.00000E+00  0.00000E+00  0.00000E+00  1.14e-02     1.94e-02     
Ir           77           0.00000E+00  0.00000E+00  0.00000E+00  0.00000E+00  0.00000E+00  0.00000E+00  0.00000E+00  0.00000E+00  0.00000E+00  
Pt           78           0.00000E+00  0.00000E+00  0.00000E+00  0.00000E+00  0.00000E+00  0.00000E+00  0.00000E+00  0.00000E+00  1.44e-02     
Au           79           0.00000E+00  0.00000E+00  0.00000E+00  0.00000E+00  0.00000E+00  0.00000E+00  0.00000E+00  0.00000E+00  1.05e-02     
Hg           80           0.00000E+00  0.00000E+00  0.00000E+00  0.00000E+00  0.00000E+00  1.50e-02     3.03e-02     6.13e-02     1.03e-01     
Tl           81           0.00000E+00  0.00000E+00  0.00000E+00  0.00000E+00  0.00000E+00  1.55e-02     3.29e-02     7.15e-02     1.24e-01     
Pb           82           0.00000E+00  0.00000E+00  0.00000E+00  0.00000E+00  0.00000E+00  0.00000E+00  0.00000E+00  2.40e-02     4.83e-02     
Bi           83           0.00000E+00  0.00000E+00  0.00000E+00  0.00000E+00  0.00000E+00  0.00000E+00  0.00000E+00  0.00000E+00  0.00000E+00  
