[El/Fe]      Z            FDU          TDU_1        TDU_2        TDU_3        TDU_4        TDU_5        TDU_6        TDU_7        TDU_8        TDU_9        TDU_10       
C            6            -2.43E-01    -2.65E-01    4.65E-01     8.99E-01     1.17E+00     1.36E+00     1.49E+00     1.60E+00     1.69E+00     1.76E+00     1.82E+00     
N            7            4.22E-01     4.52E-01     4.52E-01     4.52E-01     4.52E-01     4.53E-01     4.53E-01     4.54E-01     4.56E-01     4.58E-01     4.63E-01     
O            8            0.00000E+00  0.00000E+00  0.00000E+00  3.09E-02     6.79E-02     1.04E-01     1.36E-01     1.62E-01     1.84E-01     2.04E-01     2.23E-01     
F            9            -2.97E-02    -3.77E-02    1.82E-01     5.45E-01     8.13E-01     1.01E+00     1.15E+00     1.27E+00     1.38E+00     1.48E+00     1.57E+00     
Ne           10           0.00000E+00  0.00000E+00  1.28E-02     1.05E-01     2.40E-01     3.81E-01     5.13E-01     6.35E-01     7.48E-01     8.55E-01     9.56E-01     
Na           11           1.46E-01     1.64E-01     1.68E-01     1.78E-01     2.06E-01     2.49E-01     2.99E-01     3.55E-01     4.14E-01     4.78E-01     5.47E-01     
Mg           12           0.00000E+00  0.00000E+00  0.00000E+00  0.00000E+00  1.42E-02     3.00E-02     5.21E-02     8.06E-02     1.16E-01     1.58E-01     2.07E-01     
Al           13           0.00000E+00  0.00000E+00  0.00000E+00  1.97E-02     3.22E-02     4.29E-02     5.17E-02     5.93E-02     6.62E-02     7.33E-02     8.07E-02     
Si           14           0.00000E+00  0.00000E+00  0.00000E+00  0.00000E+00  0.00000E+00  0.00000E+00  0.00000E+00  0.00000E+00  0.00000E+00  0.00000E+00  0.00000E+00  
P            15           0.00000E+00  0.00000E+00  1.13E-02     3.79E-02     6.98E-02     9.91E-02     1.23E-01     1.44E-01     1.61E-01     1.78E-01     1.93E-01     
S            16           0.00000E+00  0.00000E+00  0.00000E+00  0.00000E+00  0.00000E+00  0.00000E+00  0.00000E+00  0.00000E+00  0.00000E+00  0.00000E+00  0.00000E+00  
Cl           17           0.00000E+00  0.00000E+00  0.00000E+00  0.00000E+00  1.03E-02     1.56E-02     2.10E-02     2.62E-02     3.13E-02     3.64E-02     4.14E-02     
Ar           18           0.00000E+00  0.00000E+00  0.00000E+00  0.00000E+00  0.00000E+00  0.00000E+00  0.00000E+00  0.00000E+00  0.00000E+00  0.00000E+00  0.00000E+00  
K            19           0.00000E+00  0.00000E+00  0.00000E+00  0.00000E+00  0.00000E+00  1.03E-02     1.37E-02     1.72E-02     2.10E-02     2.51E-02     2.95E-02     
Ca           20           0.00000E+00  0.00000E+00  0.00000E+00  0.00000E+00  0.00000E+00  0.00000E+00  0.00000E+00  0.00000E+00  0.00000E+00  0.00000E+00  0.00000E+00  
Sc           21           0.00000E+00  0.00000E+00  1.94E-02     3.80E-02     5.75E-02     7.90E-02     1.02E-01     1.27E-01     1.52E-01     1.79E-01     2.06E-01     
Ti           22           0.00000E+00  0.00000E+00  0.00000E+00  0.00000E+00  1.58E-02     2.26E-02     2.88E-02     3.42E-02     3.93E-02     4.41E-02     4.88E-02     
V            23           0.00000E+00  0.00000E+00  0.00000E+00  0.00000E+00  0.00000E+00  0.00000E+00  0.00000E+00  0.00000E+00  0.00000E+00  0.00000E+00  1.03E-02     
Cr           24           0.00000E+00  0.00000E+00  0.00000E+00  0.00000E+00  0.00000E+00  0.00000E+00  0.00000E+00  0.00000E+00  0.00000E+00  0.00000E+00  0.00000E+00  
Mn           25           0.00000E+00  0.00000E+00  0.00000E+00  0.00000E+00  0.00000E+00  0.00000E+00  0.00000E+00  0.00000E+00  0.00000E+00  0.00000E+00  0.00000E+00  
Fe           26           0.00E+00     0.00E+00     0.00E+00     0.00E+00     0.00E+00     0.00E+00     0.00E+00     0.00E+00     0.00E+00     0.00E+00     0.00E+00     
Co           27           0.00000E+00  0.00000E+00  1.16E-02     2.25E-02     3.32E-02     4.65E-02     6.50E-02     8.92E-02     1.18E-01     1.51E-01     1.86E-01     
Ni           28           0.00000E+00  0.00000E+00  0.00000E+00  0.00000E+00  0.00000E+00  0.00000E+00  0.00000E+00  1.11E-02     1.29E-02     1.49E-02     1.72E-02     
Cu           29           0.00000E+00  0.00000E+00  5.27E-02     1.01E-01     1.40E-01     1.72E-01     2.03E-01     2.36E-01     2.72E-01     3.10E-01     3.50E-01     
Zn           30           0.00000E+00  0.00000E+00  2.02E-02     5.53E-02     8.74E-02     1.13E-01     1.35E-01     1.54E-01     1.72E-01     1.91E-01     2.10E-01     
Ga           31           0.00000E+00  0.00000E+00  9.10E-02     2.20E-01     3.15E-01     3.79E-01     4.27E-01     4.67E-01     5.04E-01     5.39E-01     5.73E-01     
Ge           32           0.00000E+00  0.00000E+00  8.28E-02     2.08E-01     3.09E-01     3.81E-01     4.35E-01     4.79E-01     5.18E-01     5.55E-01     5.90E-01     
As           33           0.00000E+00  0.00000E+00  5.47E-02     1.45E-01     2.25E-01     2.87E-01     3.35E-01     3.74E-01     4.10E-01     4.45E-01     4.77E-01     
Se           34           0.00000E+00  0.00000E+00  1.11E-01     2.55E-01     3.68E-01     4.50E-01     5.11E-01     5.62E-01     6.06E-01     6.49E-01     6.88E-01     
Br           35           0.00000E+00  0.00000E+00  6.07E-02     1.54E-01     2.40E-01     3.13E-01     3.75E-01     4.28E-01     4.75E-01     5.18E-01     5.58E-01     
Kr           36           0.00000E+00  0.00000E+00  2.49E-01     4.61E-01     5.92E-01     6.73E-01     7.30E-01     7.75E-01     8.16E-01     8.54E-01     8.91E-01     
Rb           37           0.00000E+00  0.00000E+00  5.10E-01     7.26E-01     8.46E-01     9.29E-01     9.97E-01     1.06E+00     1.11E+00     1.17E+00     1.22E+00     
Sr           38           0.00000E+00  0.00000E+00  3.61E-01     8.32E-01     1.09E+00     1.25E+00     1.34E+00     1.41E+00     1.47E+00     1.51E+00     1.56E+00     
Y            39           0.00000E+00  0.00000E+00  4.20E-01     8.39E-01     1.10E+00     1.26E+00     1.36E+00     1.44E+00     1.50E+00     1.56E+00     1.61E+00     
Zr           40           0.00000E+00  0.00000E+00  5.42E-01     9.19E-01     1.14E+00     1.29E+00     1.38E+00     1.46E+00     1.52E+00     1.57E+00     1.62E+00     
Nb           41           0.00000E+00  0.00000E+00  4.03E-02     1.29E-01     2.49E-01     3.81E-01     5.08E-01     6.22E-01     7.20E-01     8.04E-01     8.76E-01     
Mo           42           0.00000E+00  0.00000E+00  4.30E-01     7.69E-01     9.73E-01     1.10E+00     1.18E+00     1.24E+00     1.29E+00     1.34E+00     1.38E+00     
Tc           43           \N           \N           \N           \N           \N           \N           \N           \N           \N           \N           \N           
Ru           44           0.00000E+00  0.00000E+00  3.43E-01     6.65E-01     8.69E-01     9.96E-01     1.08E+00     1.14E+00     1.18E+00     1.22E+00     1.25E+00     
Rh           45           0.00000E+00  0.00000E+00  1.91E-01     4.27E-01     5.96E-01     7.05E-01     7.78E-01     8.31E-01     8.72E-01     9.07E-01     9.38E-01     
Pd           46           0.00000E+00  0.00000E+00  4.37E-01     8.03E-01     1.02E+00     1.15E+00     1.24E+00     1.30E+00     1.35E+00     1.40E+00     1.43E+00     
Ag           47           0.00000E+00  0.00000E+00  1.59E-01     3.79E-01     5.44E-01     6.53E-01     7.27E-01     7.81E-01     8.25E-01     8.64E-01     8.98E-01     
Cd           48           0.00000E+00  0.00000E+00  4.84E-01     8.77E-01     1.11E+00     1.26E+00     1.35E+00     1.42E+00     1.47E+00     1.52E+00     1.56E+00     
In           49           0.00000E+00  0.00000E+00  3.25E-01     6.87E-01     9.17E-01     1.06E+00     1.16E+00     1.22E+00     1.27E+00     1.32E+00     1.36E+00     
Sn           50           0.00000E+00  0.00000E+00  4.94E-01     9.06E-01     1.15E+00     1.30E+00     1.40E+00     1.47E+00     1.53E+00     1.59E+00     1.63E+00     
Sb           51           0.00000E+00  0.00000E+00  2.83E-01     5.86E-01     8.02E-01     9.51E-01     1.06E+00     1.14E+00     1.20E+00     1.26E+00     1.31E+00     
Te           52           0.00000E+00  0.00000E+00  1.98E-01     4.88E-01     6.89E-01     8.16E-01     9.02E-01     9.65E-01     1.02E+00     1.06E+00     1.10E+00     
I            53           0.00000E+00  0.00000E+00  6.55E-02     2.08E-01     3.39E-01     4.33E-01     4.99E-01     5.47E-01     5.86E-01     6.20E-01     6.51E-01     
Xe           54           0.00000E+00  0.00000E+00  2.55E-01     5.51E-01     7.53E-01     8.85E-01     9.75E-01     1.04E+00     1.10E+00     1.14E+00     1.18E+00     
Cs           55           0.00000E+00  0.00000E+00  3.38E-01     6.54E-01     8.95E-01     1.06E+00     1.17E+00     1.25E+00     1.32E+00     1.37E+00     1.42E+00     
Ba           56           0.00000E+00  0.00000E+00  7.54E-01     1.26E+00     1.53E+00     1.70E+00     1.81E+00     1.88E+00     1.94E+00     2.00E+00     2.04E+00     
La           57           0.00000E+00  0.00000E+00  7.39E-01     1.26E+00     1.54E+00     1.71E+00     1.82E+00     1.90E+00     1.96E+00     2.02E+00     2.06E+00     
Ce           58           0.00000E+00  0.00000E+00  7.57E-01     1.30E+00     1.60E+00     1.78E+00     1.89E+00     1.97E+00     2.04E+00     2.09E+00     2.14E+00     
Pr           59           0.00000E+00  0.00000E+00  5.58E-01     1.07E+00     1.38E+00     1.57E+00     1.70E+00     1.79E+00     1.87E+00     1.93E+00     1.98E+00     
Nd           60           0.00000E+00  0.00000E+00  7.08E-01     1.21E+00     1.49E+00     1.67E+00     1.78E+00     1.86E+00     1.92E+00     1.97E+00     2.02E+00     
Pm           61           \N           \N           \N           \N           \N           \N           \N           \N           \N           \N           \N           
Sm           62           0.00000E+00  0.00000E+00  6.52E-01     1.06E+00     1.31E+00     1.46E+00     1.56E+00     1.64E+00     1.71E+00     1.76E+00     1.81E+00     
Eu           63           0.00000E+00  0.00000E+00  2.20E-01     4.72E-01     6.60E-01     7.90E-01     8.85E-01     9.59E-01     1.02E+00     1.07E+00     1.12E+00     
Gd           64           0.00000E+00  0.00000E+00  4.70E-01     8.07E-01     1.03E+00     1.18E+00     1.29E+00     1.38E+00     1.45E+00     1.51E+00     1.56E+00     
Tb           65           0.00000E+00  0.00000E+00  3.14E-01     6.11E-01     8.02E-01     9.35E-01     1.03E+00     1.11E+00     1.17E+00     1.23E+00     1.28E+00     
Dy           66           0.00000E+00  0.00000E+00  4.76E-01     8.30E-01     1.04E+00     1.17E+00     1.27E+00     1.34E+00     1.40E+00     1.46E+00     1.51E+00     
Ho           67           0.00000E+00  0.00000E+00  3.02E-01     5.94E-01     7.86E-01     9.08E-01     9.94E-01     1.06E+00     1.12E+00     1.17E+00     1.21E+00     
Er           68           0.00000E+00  0.00000E+00  5.16E-01     8.87E-01     1.11E+00     1.26E+00     1.35E+00     1.42E+00     1.48E+00     1.53E+00     1.58E+00     
Tm           69           0.00000E+00  0.00000E+00  4.27E-01     8.11E-01     1.03E+00     1.16E+00     1.24E+00     1.31E+00     1.36E+00     1.41E+00     1.46E+00     
Yb           70           0.00000E+00  0.00000E+00  7.93E-01     1.21E+00     1.45E+00     1.61E+00     1.71E+00     1.78E+00     1.84E+00     1.89E+00     1.94E+00     
Lu           71           0.00000E+00  0.00000E+00  5.56E-01     9.63E-01     1.20E+00     1.35E+00     1.44E+00     1.51E+00     1.57E+00     1.62E+00     1.66E+00     
Hf           72           0.00000E+00  0.00000E+00  9.67E-01     1.37E+00     1.61E+00     1.76E+00     1.86E+00     1.94E+00     2.00E+00     2.05E+00     2.10E+00     
Ta           73           0.00000E+00  0.00000E+00  8.47E-01     1.28E+00     1.52E+00     1.67E+00     1.76E+00     1.84E+00     1.89E+00     1.94E+00     1.99E+00     
W            74           0.00000E+00  0.00000E+00  9.88E-01     1.42E+00     1.66E+00     1.81E+00     1.91E+00     1.98E+00     2.03E+00     2.08E+00     2.13E+00     
Re           75           -5.93E-02    -6.19E-02    5.29E-01     9.10E-01     1.16E+00     1.31E+00     1.41E+00     1.48E+00     1.54E+00     1.59E+00     1.64E+00     
Os           76           0.00000E+00  0.00000E+00  3.86E-01     6.99E-01     9.02E-01     1.04E+00     1.13E+00     1.20E+00     1.26E+00     1.31E+00     1.35E+00     
Ir           77           0.00000E+00  0.00000E+00  9.94E-02     2.32E-01     3.48E-01     4.39E-01     5.10E-01     5.66E-01     6.14E-01     6.58E-01     6.98E-01     
Pt           78           0.00000E+00  0.00000E+00  3.35E-01     6.12E-01     7.92E-01     9.14E-01     1.00E+00     1.07E+00     1.12E+00     1.18E+00     1.22E+00     
Au           79           0.00000E+00  0.00000E+00  2.77E-01     5.62E-01     7.51E-01     8.72E-01     9.52E-01     1.01E+00     1.06E+00     1.10E+00     1.14E+00     
Hg           80           0.00000E+00  0.00000E+00  8.78E-01     1.35E+00     1.61E+00     1.76E+00     1.86E+00     1.94E+00     1.99E+00     2.04E+00     2.08E+00     
Tl           81           0.00000E+00  0.00000E+00  9.01E-01     1.46E+00     1.75E+00     1.92E+00     2.03E+00     2.10E+00     2.16E+00     2.21E+00     2.25E+00     
Pb           82           0.00000E+00  0.00000E+00  1.40E+00     2.04E+00     2.36E+00     2.55E+00     2.67E+00     2.75E+00     2.81E+00     2.86E+00     2.90E+00     
Bi           83           0.00000E+00  0.00000E+00  1.07E+00     1.56E+00     1.85E+00     2.04E+00     2.17E+00     2.26E+00     2.34E+00     2.40E+00     2.45E+00     
