[El/Fe]      Z            FDU          SDU          TDU_1        TDU_2        TDU_3        TDU_4        TDU_5        TDU_6        TDU_7        TDU_8        TDU_9        TDU_10       
C            6            -2.56E-01    -2.74E-01    7.35E-02     4.28E-01     6.84E-01     8.68E-01     1.01E+00     1.12E+00     1.21E+00     1.30E+00     1.37E+00     1.45E+00     
N            7            4.54E-01     4.71E-01     4.71E-01     4.71E-01     4.70E-01     4.70E-01     4.69E-01     4.67E-01     4.66E-01     4.65E-01     4.64E-01     4.64E-01     
O            8            -1.33E-02    -1.52E-02    -1.36E-02    0.00000E+00  0.00000E+00  1.38E-02     2.43E-02     3.36E-02     4.20E-02     5.00E-02     5.82E-02     6.68E-02     
F            9            -3.70E-02    -4.19E-02    -1.59E-02    7.32E-02     2.08E-01     3.54E-01     4.93E-01     6.22E-01     7.42E-01     8.57E-01     9.68E-01     1.08E+00     
Ne           10           0.00000E+00  0.00000E+00  0.00000E+00  3.13E-02     8.91E-02     1.59E-01     2.33E-01     3.07E-01     3.82E-01     4.60E-01     5.42E-01     6.29E-01     
Na           11           1.60E-01     1.71E-01     1.72E-01     1.75E-01     1.82E-01     1.94E-01     2.10E-01     2.29E-01     2.51E-01     2.76E-01     3.07E-01     3.45E-01     
Mg           12           0.00000E+00  0.00000E+00  0.00000E+00  0.00000E+00  0.00000E+00  0.00000E+00  1.25E-02     2.08E-02     3.22E-02     4.78E-02     6.90E-02     9.70E-02     
Al           13           0.00000E+00  0.00000E+00  0.00000E+00  1.02E-02     2.08E-02     3.26E-02     4.40E-02     5.42E-02     6.35E-02     7.24E-02     8.12E-02     9.03E-02     
Si           14           0.00000E+00  0.00000E+00  0.00000E+00  0.00000E+00  0.00000E+00  0.00000E+00  0.00000E+00  0.00000E+00  0.00000E+00  0.00000E+00  0.00000E+00  0.00000E+00  
P            15           0.00000E+00  0.00000E+00  0.00000E+00  0.00000E+00  1.17E-02     1.87E-02     2.59E-02     3.29E-02     4.02E-02     4.82E-02     5.72E-02     6.86E-02     
S            16           0.00000E+00  0.00000E+00  0.00000E+00  0.00000E+00  0.00000E+00  0.00000E+00  0.00000E+00  0.00000E+00  0.00000E+00  0.00000E+00  0.00000E+00  0.00000E+00  
Cl           17           0.00000E+00  0.00000E+00  0.00000E+00  0.00000E+00  0.00000E+00  0.00000E+00  0.00000E+00  0.00000E+00  0.00000E+00  0.00000E+00  1.14E-02     1.39E-02     
Ar           18           0.00000E+00  0.00000E+00  0.00000E+00  0.00000E+00  0.00000E+00  0.00000E+00  0.00000E+00  0.00000E+00  0.00000E+00  0.00000E+00  0.00000E+00  0.00000E+00  
K            19           0.00000E+00  0.00000E+00  0.00000E+00  0.00000E+00  0.00000E+00  0.00000E+00  0.00000E+00  0.00000E+00  0.00000E+00  1.06E-02     1.38E-02     1.77E-02     
Ca           20           0.00000E+00  0.00000E+00  0.00000E+00  0.00000E+00  0.00000E+00  0.00000E+00  0.00000E+00  0.00000E+00  0.00000E+00  0.00000E+00  0.00000E+00  0.00000E+00  
Sc           21           0.00000E+00  0.00000E+00  0.00000E+00  0.00000E+00  1.38E-02     2.18E-02     3.23E-02     4.53E-02     6.13E-02     8.07E-02     1.04E-01     1.32E-01     
Ti           22           0.00000E+00  0.00000E+00  0.00000E+00  0.00000E+00  0.00000E+00  0.00000E+00  0.00000E+00  0.00000E+00  0.00000E+00  1.16E-02     1.34E-02     1.56E-02     
V            23           0.00000E+00  0.00000E+00  0.00000E+00  0.00000E+00  0.00000E+00  0.00000E+00  0.00000E+00  0.00000E+00  0.00000E+00  0.00000E+00  0.00000E+00  0.00000E+00  
Cr           24           0.00000E+00  0.00000E+00  0.00000E+00  0.00000E+00  0.00000E+00  0.00000E+00  0.00000E+00  0.00000E+00  0.00000E+00  0.00000E+00  0.00000E+00  0.00000E+00  
Mn           25           0.00000E+00  0.00000E+00  0.00000E+00  0.00000E+00  0.00000E+00  0.00000E+00  0.00000E+00  0.00000E+00  0.00000E+00  0.00000E+00  0.00000E+00  0.00000E+00  
Fe           26           0.00E+00     0.00E+00     0.00E+00     0.00E+00     0.00E+00     0.00E+00     0.00E+00     0.00E+00     0.00E+00     0.00E+00     0.00E+00     0.00E+00     
Co           27           0.00000E+00  0.00000E+00  0.00000E+00  1.22E-02     1.96E-02     2.85E-02     4.16E-02     6.18E-02     9.04E-02     1.28E-01     1.74E-01     2.24E-01     
Ni           28           0.00000E+00  0.00000E+00  0.00000E+00  0.00000E+00  0.00000E+00  0.00000E+00  0.00000E+00  0.00000E+00  0.00000E+00  0.00000E+00  0.00000E+00  0.00000E+00  
Cu           29           0.00000E+00  0.00000E+00  0.00000E+00  1.45E-02     2.35E-02     3.32E-02     4.47E-02     6.05E-02     8.34E-02     1.16E-01     1.61E-01     2.18E-01     
Zn           30           0.00000E+00  0.00000E+00  0.00000E+00  0.00000E+00  0.00000E+00  0.00000E+00  1.15E-02     1.48E-02     1.86E-02     2.34E-02     3.01E-02     4.12E-02     
Ga           31           0.00000E+00  0.00000E+00  0.00000E+00  1.18E-02     2.41E-02     3.77E-02     5.06E-02     6.37E-02     7.85E-02     9.61E-02     1.18E-01     1.53E-01     
Ge           32           0.00000E+00  0.00000E+00  0.00000E+00  1.29E-02     2.71E-02     4.38E-02     5.94E-02     7.45E-02     9.08E-02     1.09E-01     1.31E-01     1.67E-01     
As           33           0.00000E+00  0.00000E+00  0.00000E+00  1.12E-02     2.40E-02     3.91E-02     5.36E-02     6.77E-02     8.26E-02     9.87E-02     1.18E-01     1.51E-01     
Se           34           0.00000E+00  0.00000E+00  0.00000E+00  1.78E-02     3.68E-02     5.86E-02     7.90E-02     9.88E-02     1.19E-01     1.40E-01     1.64E-01     2.09E-01     
Br           35           0.00000E+00  0.00000E+00  0.00000E+00  0.00000E+00  2.06E-02     3.37E-02     4.75E-02     6.19E-02     7.71E-02     9.30E-02     1.10E-01     1.40E-01     
Kr           36           0.00000E+00  0.00000E+00  0.00000E+00  2.56E-02     5.29E-02     8.26E-02     1.11E-01     1.38E-01     1.66E-01     1.94E-01     2.24E-01     2.76E-01     
Rb           37           0.00000E+00  0.00000E+00  1.49E-02     4.11E-02     7.56E-02     1.22E-01     1.77E-01     2.39E-01     3.02E-01     3.65E-01     4.28E-01     5.26E-01     
Sr           38           0.00000E+00  0.00000E+00  4.22E-02     1.87E-01     3.31E-01     4.47E-01     5.37E-01     6.08E-01     6.69E-01     7.18E-01     7.59E-01     8.27E-01     
Y            39           0.00000E+00  0.00000E+00  5.47E-02     2.05E-01     3.54E-01     4.79E-01     5.81E-01     6.63E-01     7.36E-01     7.97E-01     8.47E-01     9.25E-01     
Zr           40           0.00000E+00  0.00000E+00  6.77E-02     2.39E-01     3.96E-01     5.21E-01     6.19E-01     6.99E-01     7.71E-01     8.32E-01     8.83E-01     9.57E-01     
Nb           41           0.00000E+00  0.00000E+00  0.00000E+00  1.10E-02     2.75E-02     5.29E-02     8.71E-02     1.28E-01     1.73E-01     2.21E-01     2.69E-01     3.16E-01     
Mo           42           0.00000E+00  0.00000E+00  3.58E-02     1.63E-01     2.95E-01     4.03E-01     4.85E-01     5.52E-01     6.13E-01     6.68E-01     7.16E-01     7.82E-01     
Tc           43           \N           \N           \N           \N           \N           \N           \N           \N           \N           \N           \N           \N           
Ru           44           0.00000E+00  0.00000E+00  2.12E-02     1.19E-01     2.33E-01     3.34E-01     4.13E-01     4.74E-01     5.27E-01     5.73E-01     6.14E-01     6.68E-01     
Rh           45           0.00000E+00  0.00000E+00  0.00000E+00  5.70E-02     1.19E-01     1.78E-01     2.28E-01     2.69E-01     3.05E-01     3.38E-01     3.67E-01     4.07E-01     
Pd           46           0.00000E+00  0.00000E+00  3.49E-02     1.68E-01     3.05E-01     4.19E-01     5.08E-01     5.77E-01     6.37E-01     6.89E-01     7.32E-01     7.91E-01     
Ag           47           0.00000E+00  0.00000E+00  1.06E-02     5.83E-02     1.18E-01     1.74E-01     2.22E-01     2.62E-01     2.99E-01     3.32E-01     3.62E-01     4.02E-01     
Cd           48           0.00000E+00  0.00000E+00  5.52E-02     2.21E-01     3.80E-01     5.08E-01     6.07E-01     6.84E-01     7.50E-01     8.05E-01     8.51E-01     9.13E-01     
In           49           0.00000E+00  0.00000E+00  3.45E-02     1.52E-01     2.78E-01     3.86E-01     4.71E-01     5.36E-01     5.92E-01     6.38E-01     6.76E-01     7.29E-01     
Sn           50           0.00000E+00  0.00000E+00  7.82E-02     2.75E-01     4.49E-01     5.83E-01     6.86E-01     7.67E-01     8.39E-01     9.01E-01     9.52E-01     1.02E+00     
Sb           51           0.00000E+00  0.00000E+00  4.22E-02     1.39E-01     2.48E-01     3.47E-01     4.33E-01     5.08E-01     5.77E-01     6.40E-01     6.93E-01     7.60E-01     
Te           52           0.00000E+00  0.00000E+00  2.36E-02     1.08E-01     2.00E-01     2.77E-01     3.39E-01     3.90E-01     4.37E-01     4.80E-01     5.17E-01     5.65E-01     
I            53           0.00000E+00  0.00000E+00  0.00000E+00  3.26E-02     6.81E-02     1.03E-01     1.32E-01     1.56E-01     1.78E-01     1.99E-01     2.17E-01     2.43E-01     
Xe           54           0.00000E+00  0.00000E+00  3.00E-02     1.23E-01     2.24E-01     3.12E-01     3.83E-01     4.42E-01     4.96E-01     5.44E-01     5.86E-01     6.38E-01     
Cs           55           0.00000E+00  0.00000E+00  6.11E-02     1.72E-01     3.05E-01     4.32E-01     5.36E-01     6.19E-01     6.92E-01     7.53E-01     8.04E-01     8.66E-01     
Ba           56           0.00000E+00  0.00000E+00  2.35E-01     6.22E-01     8.78E-01     1.05E+00     1.16E+00     1.25E+00     1.33E+00     1.39E+00     1.44E+00     1.50E+00     
La           57           0.00000E+00  0.00000E+00  2.57E-01     6.49E-01     9.05E-01     1.07E+00     1.19E+00     1.28E+00     1.35E+00     1.42E+00     1.47E+00     1.53E+00     
Ce           58           0.00000E+00  0.00000E+00  3.38E-01     7.64E-01     1.03E+00     1.19E+00     1.31E+00     1.40E+00     1.48E+00     1.54E+00     1.59E+00     1.65E+00     
Pr           59           0.00000E+00  0.00000E+00  2.59E-01     5.92E-01     8.36E-01     1.01E+00     1.14E+00     1.24E+00     1.32E+00     1.39E+00     1.45E+00     1.50E+00     
Nd           60           0.00000E+00  0.00000E+00  2.64E-01     6.62E-01     9.23E-01     1.09E+00     1.21E+00     1.30E+00     1.37E+00     1.43E+00     1.48E+00     1.53E+00     
Pm           61           \N           \N           \N           \N           \N           \N           \N           \N           \N           \N           \N           \N           
Sm           62           0.00000E+00  0.00000E+00  2.00E-01     5.18E-01     7.43E-01     8.93E-01     1.01E+00     1.09E+00     1.17E+00     1.23E+00     1.29E+00     1.35E+00     
Eu           63           0.00000E+00  0.00000E+00  4.75E-02     1.58E-01     2.73E-01     3.66E-01     4.44E-01     5.12E-01     5.72E-01     6.26E-01     6.75E-01     7.26E-01     
Gd           64           0.00000E+00  0.00000E+00  1.34E-01     3.49E-01     5.19E-01     6.53E-01     7.62E-01     8.52E-01     9.32E-01     1.00E+00     1.07E+00     1.13E+00     
Tb           65           0.00000E+00  0.00000E+00  7.44E-02     2.36E-01     3.67E-01     4.69E-01     5.55E-01     6.30E-01     6.98E-01     7.59E-01     8.16E-01     8.73E-01     
Dy           66           0.00000E+00  0.00000E+00  1.27E-01     3.60E-01     5.34E-01     6.52E-01     7.45E-01     8.23E-01     8.94E-01     9.59E-01     1.02E+00     1.08E+00     
Ho           67           0.00000E+00  0.00000E+00  6.37E-02     2.13E-01     3.48E-01     4.45E-01     5.21E-01     5.85E-01     6.46E-01     7.03E-01     7.56E-01     8.10E-01     
Er           68           0.00000E+00  0.00000E+00  1.33E-01     3.86E-01     5.84E-01     7.18E-01     8.17E-01     8.95E-01     9.64E-01     1.03E+00     1.09E+00     1.15E+00     
Tm           69           0.00000E+00  0.00000E+00  6.64E-02     2.64E-01     4.33E-01     5.43E-01     6.23E-01     6.88E-01     7.48E-01     8.05E-01     8.59E-01     9.16E-01     
Yb           70           0.00000E+00  0.00000E+00  2.58E-01     6.17E-01     8.65E-01     1.03E+00     1.14E+00     1.23E+00     1.30E+00     1.36E+00     1.42E+00     1.48E+00     
Lu           71           0.00000E+00  0.00000E+00  1.29E-01     4.12E-01     6.35E-01     7.82E-01     8.84E-01     9.62E-01     1.03E+00     1.09E+00     1.14E+00     1.20E+00     
Hf           72           0.00000E+00  0.00000E+00  3.45E-01     7.33E-01     9.87E-01     1.15E+00     1.27E+00     1.36E+00     1.44E+00     1.50E+00     1.56E+00     1.62E+00     
Ta           73           0.00000E+00  0.00000E+00  2.63E-01     6.50E-01     9.08E-01     1.07E+00     1.19E+00     1.27E+00     1.34E+00     1.40E+00     1.46E+00     1.52E+00     
W            74           0.00000E+00  0.00000E+00  3.40E-01     7.60E-01     1.02E+00     1.19E+00     1.31E+00     1.39E+00     1.45E+00     1.51E+00     1.57E+00     1.62E+00     
Re           75           -4.26E-02    -4.48E-02    9.49E-02     3.30E-01     5.61E-01     7.27E-01     8.43E-01     9.25E-01     9.94E-01     1.05E+00     1.11E+00     1.16E+00     
Os           76           0.00000E+00  0.00000E+00  1.09E-01     3.03E-01     4.70E-01     6.03E-01     7.05E-01     7.84E-01     8.51E-01     9.10E-01     9.64E-01     1.02E+00     
Ir           77           0.00000E+00  0.00000E+00  1.53E-02     5.59E-02     1.03E-01     1.50E-01     1.94E-01     2.33E-01     2.68E-01     3.02E-01     3.35E-01     3.70E-01     
Pt           78           0.00000E+00  0.00000E+00  5.83E-02     1.93E-01     3.16E-01     4.12E-01     4.94E-01     5.63E-01     6.25E-01     6.81E-01     7.35E-01     7.89E-01     
Au           79           0.00000E+00  0.00000E+00  4.04E-02     1.59E-01     2.86E-01     3.81E-01     4.53E-01     5.11E-01     5.63E-01     6.10E-01     6.55E-01     7.01E-01     
Hg           80           0.00000E+00  0.00000E+00  3.08E-01     7.29E-01     1.00E+00     1.18E+00     1.30E+00     1.38E+00     1.45E+00     1.51E+00     1.56E+00     1.61E+00     
Tl           81           0.00000E+00  0.00000E+00  4.36E-01     9.01E-01     1.17E+00     1.34E+00     1.46E+00     1.54E+00     1.61E+00     1.67E+00     1.72E+00     1.77E+00     
Pb           82           0.00000E+00  0.00000E+00  6.72E-01     1.36E+00     1.74E+00     1.97E+00     2.11E+00     2.21E+00     2.29E+00     2.35E+00     2.41E+00     2.45E+00     
Bi           83           0.00000E+00  0.00000E+00  1.65E-01     5.58E-01     9.08E-01     1.17E+00     1.35E+00     1.50E+00     1.61E+00     1.70E+00     1.79E+00     1.85E+00     
