[El/Fe]      Z            FDU          SDU          TDU_1        TDU_2        TDU_3        TDU_4        TDU_5        TDU_6        TDU_7        TDU_8        
C            6            -2.00E-01    -2.06E-01    -2.03E-01    -1.91E-01    -1.69E-01    -1.39E-01    -1.02E-01    -6.14E-02    -2.25E-02    0.00000E+00  
N            7            4.39E-01     4.46E-01     4.46E-01     4.46E-01     4.46E-01     4.46E-01     4.45E-01     4.45E-01     4.45E-01     4.45E-01     
O            8            -2.48E-02    -2.57E-02    -2.58E-02    -2.58E-02    -2.59E-02    -2.59E-02    -2.59E-02    -2.60E-02    -2.61E-02    -2.62E-02    
F            9            -3.73E-02    -3.93E-02    -3.85E-02    -3.43E-02    -2.55E-02    -1.19E-02    0.00000E+00  3.00E-02     5.45E-02     6.72E-02     
Ne           10           0.00000E+00  0.00000E+00  0.00000E+00  0.00000E+00  0.00000E+00  0.00000E+00  1.15E-02     1.89E-02     2.64E-02     3.01E-02     
Na           11           1.22E-01     1.27E-01     1.27E-01     1.27E-01     1.28E-01     1.29E-01     1.30E-01     1.31E-01     1.33E-01     1.33E-01     
Mg           12           0.00000E+00  0.00000E+00  0.00000E+00  0.00000E+00  0.00000E+00  0.00000E+00  0.00000E+00  0.00000E+00  0.00000E+00  0.00000E+00  
Al           13           0.00000E+00  0.00000E+00  0.00000E+00  0.00000E+00  0.00000E+00  0.00000E+00  0.00000E+00  0.00000E+00  0.00000E+00  0.00000E+00  
Si           14           0.00000E+00  0.00000E+00  0.00000E+00  0.00000E+00  0.00000E+00  0.00000E+00  0.00000E+00  0.00000E+00  0.00000E+00  0.00000E+00  
P            15           0.00000E+00  0.00000E+00  0.00000E+00  0.00000E+00  0.00000E+00  0.00000E+00  0.00000E+00  0.00000E+00  0.00000E+00  0.00000E+00  
S            16           0.00000E+00  0.00000E+00  0.00000E+00  0.00000E+00  0.00000E+00  0.00000E+00  0.00000E+00  0.00000E+00  0.00000E+00  0.00000E+00  
Cl           17           0.00000E+00  0.00000E+00  0.00000E+00  0.00000E+00  0.00000E+00  0.00000E+00  0.00000E+00  0.00000E+00  0.00000E+00  0.00000E+00  
Ar           18           0.00000E+00  0.00000E+00  0.00000E+00  0.00000E+00  0.00000E+00  0.00000E+00  0.00000E+00  0.00000E+00  0.00000E+00  0.00000E+00  
K            19           0.00000E+00  0.00000E+00  0.00000E+00  0.00000E+00  0.00000E+00  0.00000E+00  0.00000E+00  0.00000E+00  0.00000E+00  0.00000E+00  
Ca           20           0.00000E+00  0.00000E+00  0.00000E+00  0.00000E+00  0.00000E+00  0.00000E+00  0.00000E+00  0.00000E+00  0.00000E+00  0.00000E+00  
Sc           21           0.00000E+00  0.00000E+00  0.00000E+00  0.00000E+00  0.00000E+00  0.00000E+00  0.00000E+00  0.00000E+00  1.12E-02     1.26E-02     
Ti           22           0.00000E+00  0.00000E+00  0.00000E+00  0.00000E+00  0.00000E+00  0.00000E+00  0.00000E+00  0.00000E+00  0.00000E+00  0.00000E+00  
V            23           0.00000E+00  0.00000E+00  0.00000E+00  0.00000E+00  0.00000E+00  0.00000E+00  0.00000E+00  0.00000E+00  0.00000E+00  0.00000E+00  
Cr           24           0.00000E+00  0.00000E+00  0.00000E+00  0.00000E+00  0.00000E+00  0.00000E+00  0.00000E+00  0.00000E+00  0.00000E+00  0.00000E+00  
Mn           25           0.00000E+00  0.00000E+00  0.00000E+00  0.00000E+00  0.00000E+00  0.00000E+00  0.00000E+00  0.00000E+00  0.00000E+00  0.00000E+00  
Fe           26           0.00E+00     0.00E+00     0.00E+00     0.00E+00     0.00E+00     0.00E+00     0.00E+00     0.00E+00     0.00E+00     0.00E+00     
Co           27           0.00000E+00  0.00000E+00  0.00000E+00  0.00000E+00  0.00000E+00  0.00000E+00  0.00000E+00  0.00000E+00  0.00000E+00  0.00000E+00  
Ni           28           0.00000E+00  0.00000E+00  0.00000E+00  0.00000E+00  0.00000E+00  0.00000E+00  0.00000E+00  0.00000E+00  0.00000E+00  0.00000E+00  
Cu           29           0.00000E+00  0.00000E+00  0.00000E+00  0.00000E+00  0.00000E+00  1.24E-02     1.92E-02     2.63E-02     3.31E-02     3.60E-02     
Zn           30           0.00000E+00  0.00000E+00  0.00000E+00  0.00000E+00  0.00000E+00  0.00000E+00  1.14E-02     1.58E-02     1.98E-02     2.15E-02     
Ga           31           0.00000E+00  0.00000E+00  0.00000E+00  0.00000E+00  1.92E-02     3.62E-02     5.50E-02     7.34E-02     8.91E-02     9.54E-02     
Ge           32           0.00000E+00  0.00000E+00  0.00000E+00  0.00000E+00  2.01E-02     3.87E-02     6.00E-02     8.16E-02     1.00E-01     1.08E-01     
As           33           0.00000E+00  0.00000E+00  0.00000E+00  0.00000E+00  1.72E-02     3.37E-02     5.29E-02     7.25E-02     8.98E-02     9.69E-02     
Se           34           0.00000E+00  0.00000E+00  0.00000E+00  0.00000E+00  2.60E-02     5.00E-02     7.72E-02     1.04E-01     1.28E-01     1.37E-01     
Br           35           0.00000E+00  0.00000E+00  0.00000E+00  0.00000E+00  1.43E-02     2.76E-02     4.29E-02     5.89E-02     7.34E-02     8.06E-02     
Kr           36           0.00000E+00  0.00000E+00  0.00000E+00  0.00000E+00  2.77E-02     5.60E-02     8.91E-02     1.22E-01     1.51E-01     1.62E-01     
Rb           37           0.00000E+00  0.00000E+00  0.00000E+00  0.00000E+00  2.26E-02     4.76E-02     8.00E-02     1.17E-01     1.53E-01     1.68E-01     
Sr           38           0.00000E+00  0.00000E+00  0.00000E+00  4.81E-02     1.52E-01     2.77E-01     3.95E-01     4.93E-01     5.65E-01     5.92E-01     
Y            39           0.00000E+00  0.00000E+00  0.00000E+00  3.81E-02     1.30E-01     2.49E-01     3.66E-01     4.66E-01     5.42E-01     5.69E-01     
Zr           40           0.00000E+00  0.00000E+00  0.00000E+00  3.18E-02     1.16E-01     2.28E-01     3.41E-01     4.37E-01     5.09E-01     5.36E-01     
Nb           41           0.00000E+00  0.00000E+00  0.00000E+00  0.00000E+00  0.00000E+00  0.00000E+00  0.00000E+00  1.32E-02     2.16E-02     3.16E-02     
Mo           42           0.00000E+00  0.00000E+00  0.00000E+00  1.57E-02     6.38E-02     1.37E-01     2.18E-01     2.92E-01     3.50E-01     3.71E-01     
Tc           43           \N           \N           \N           \N           \N           \N           \N           \N           \N           \N           
Ru           44           0.00000E+00  0.00000E+00  0.00000E+00  1.15E-02     4.85E-02     1.07E-01     1.73E-01     2.36E-01     2.86E-01     3.06E-01     
Rh           45           0.00000E+00  0.00000E+00  0.00000E+00  0.00000E+00  2.22E-02     5.07E-02     8.58E-02     1.21E-01     1.51E-01     1.62E-01     
Pd           46           0.00000E+00  0.00000E+00  0.00000E+00  1.55E-02     6.49E-02     1.40E-01     2.23E-01     2.98E-01     3.56E-01     3.77E-01     
Ag           47           0.00000E+00  0.00000E+00  0.00000E+00  0.00000E+00  1.98E-02     4.64E-02     7.94E-02     1.13E-01     1.41E-01     1.52E-01     
Cd           48           0.00000E+00  0.00000E+00  0.00000E+00  1.72E-02     7.34E-02     1.60E-01     2.54E-01     3.39E-01     4.04E-01     4.28E-01     
In           49           0.00000E+00  0.00000E+00  0.00000E+00  1.07E-02     4.68E-02     1.06E-01     1.74E-01     2.40E-01     2.92E-01     3.12E-01     
Sn           50           0.00000E+00  0.00000E+00  0.00000E+00  1.58E-02     7.14E-02     1.59E-01     2.56E-01     3.43E-01     4.09E-01     4.33E-01     
Sb           51           0.00000E+00  0.00000E+00  0.00000E+00  0.00000E+00  2.45E-02     5.95E-02     1.05E-01     1.52E-01     1.92E-01     2.08E-01     
Te           52           0.00000E+00  0.00000E+00  0.00000E+00  0.00000E+00  2.08E-02     5.08E-02     8.83E-02     1.26E-01     1.56E-01     1.68E-01     
I            53           0.00000E+00  0.00000E+00  0.00000E+00  0.00000E+00  0.00000E+00  1.47E-02     2.70E-02     4.01E-02     5.16E-02     5.62E-02     
Xe           54           0.00000E+00  0.00000E+00  0.00000E+00  0.00000E+00  1.88E-02     4.75E-02     8.46E-02     1.22E-01     1.54E-01     1.66E-01     
Cs           55           0.00000E+00  0.00000E+00  0.00000E+00  0.00000E+00  1.81E-02     4.92E-02     9.38E-02     1.44E-01     1.88E-01     2.06E-01     
Ba           56           0.00000E+00  0.00000E+00  0.00000E+00  1.04E-02     6.61E-02     1.69E-01     2.86E-01     3.88E-01     4.63E-01     4.89E-01     
La           57           0.00000E+00  0.00000E+00  0.00000E+00  0.00000E+00  4.93E-02     1.36E-01     2.40E-01     3.35E-01     4.05E-01     4.30E-01     
Ce           58           0.00000E+00  0.00000E+00  0.00000E+00  0.00000E+00  4.11E-02     1.21E-01     2.22E-01     3.15E-01     3.84E-01     4.07E-01     
Pr           59           0.00000E+00  0.00000E+00  0.00000E+00  0.00000E+00  2.13E-02     6.85E-02     1.36E-01     2.06E-01     2.63E-01     2.83E-01     
Nd           60           0.00000E+00  0.00000E+00  0.00000E+00  0.00000E+00  2.61E-02     8.23E-02     1.59E-01     2.34E-01     2.92E-01     3.12E-01     
Pm           61           \N           \N           \N           \N           \N           \N           \N           \N           \N           \N           
Sm           62           0.00000E+00  0.00000E+00  0.00000E+00  0.00000E+00  1.27E-02     4.32E-02     8.82E-02     1.35E-01     1.73E-01     1.87E-01     
Eu           63           0.00000E+00  0.00000E+00  0.00000E+00  0.00000E+00  0.00000E+00  0.00000E+00  1.71E-02     2.80E-02     3.76E-02     4.12E-02     
Gd           64           0.00000E+00  0.00000E+00  0.00000E+00  0.00000E+00  0.00000E+00  2.06E-02     4.22E-02     6.66E-02     8.78E-02     9.57E-02     
Tb           65           0.00000E+00  0.00000E+00  0.00000E+00  0.00000E+00  0.00000E+00  1.26E-02     2.62E-02     4.10E-02     5.36E-02     5.83E-02     
Dy           66           0.00000E+00  0.00000E+00  0.00000E+00  0.00000E+00  0.00000E+00  2.12E-02     4.38E-02     6.82E-02     8.88E-02     9.68E-02     
Ho           67           0.00000E+00  0.00000E+00  0.00000E+00  0.00000E+00  0.00000E+00  1.22E-02     2.54E-02     3.95E-02     5.07E-02     5.33E-02     
Er           68           0.00000E+00  0.00000E+00  0.00000E+00  0.00000E+00  0.00000E+00  2.49E-02     5.19E-02     8.13E-02     1.06E-01     1.15E-01     
Tm           69           0.00000E+00  0.00000E+00  0.00000E+00  0.00000E+00  0.00000E+00  1.59E-02     3.40E-02     5.34E-02     6.96E-02     7.59E-02     
Yb           70           0.00000E+00  0.00000E+00  0.00000E+00  0.00000E+00  1.47E-02     5.04E-02     1.04E-01     1.59E-01     2.04E-01     2.20E-01     
Lu           71           0.00000E+00  0.00000E+00  0.00000E+00  0.00000E+00  0.00000E+00  2.78E-02     5.95E-02     9.45E-02     1.23E-01     1.34E-01     
Hf           72           0.00000E+00  0.00000E+00  0.00000E+00  0.00000E+00  1.90E-02     6.48E-02     1.31E-01     1.99E-01     2.52E-01     2.71E-01     
Ta           73           0.00000E+00  0.00000E+00  0.00000E+00  0.00000E+00  1.51E-02     5.35E-02     1.11E-01     1.72E-01     2.20E-01     2.37E-01     
W            74           0.00000E+00  0.00000E+00  0.00000E+00  0.00000E+00  1.85E-02     6.54E-02     1.35E-01     2.07E-01     2.64E-01     2.83E-01     
Re           75           -2.05E-02    -2.11E-02    -2.12E-02    -2.10E-02    -1.72E-02    0.00000E+00  1.92E-02     4.95E-02     7.71E-02     8.85E-02     
Os           76           0.00000E+00  0.00000E+00  0.00000E+00  0.00000E+00  0.00000E+00  1.45E-02     2.95E-02     4.71E-02     6.27E-02     6.83E-02     
Ir           77           0.00000E+00  0.00000E+00  0.00000E+00  0.00000E+00  0.00000E+00  0.00000E+00  0.00000E+00  0.00000E+00  0.00000E+00  0.00000E+00  
Pt           78           0.00000E+00  0.00000E+00  0.00000E+00  0.00000E+00  0.00000E+00  0.00000E+00  1.58E-02     2.54E-02     3.37E-02     3.68E-02     
Au           79           0.00000E+00  0.00000E+00  0.00000E+00  0.00000E+00  0.00000E+00  0.00000E+00  1.39E-02     2.32E-02     3.12E-02     3.43E-02     
Hg           80           0.00000E+00  0.00000E+00  0.00000E+00  0.00000E+00  1.54E-02     5.53E-02     1.16E-01     1.80E-01     2.31E-01     2.49E-01     
Tl           81           0.00000E+00  0.00000E+00  0.00000E+00  0.00000E+00  1.93E-02     7.02E-02     1.44E-01     2.19E-01     2.76E-01     2.96E-01     
Pb           82           0.00000E+00  0.00000E+00  0.00000E+00  0.00000E+00  0.00000E+00  3.15E-02     7.55E-02     1.28E-01     1.72E-01     1.89E-01     
Bi           83           0.00000E+00  0.00000E+00  0.00000E+00  0.00000E+00  0.00000E+00  0.00000E+00  0.00000E+00  0.00000E+00  1.03E-02     1.20E-02     
