[El/Fe]      Z            FDU          SDU          TDU_1        TDU_2        TDU_3        TDU_4        TDU_5        TDU_6        TDU_7        TDU_8        TDU_9        TDU_10       TDU_11       TDU_12       TDU_13       TDU_14       TDU_15       TDU_16       TDU_17       TDU_18       TDU_19       TDU_20       TDU_21       TDU_22       TDU_23       TDU_24       TDU_25       TDU_26       TDU_27       TDU_28       TDU_29       TDU_30       TDU_31       TDU_32       TDU_33       TDU_34       TDU_35       TDU_36       TDU_37       TDU_38       TDU_39       TDU_40       TDU_41       
C            6            -8.97E-02    -3.09E-01    -3.09E-01    -3.05E-01    -2.97E-01    -2.83E-01    -2.65E-01    -2.42E-01    -2.15E-01    -1.86E-01    -1.55E-01    -1.23E-01    -8.98E-02    -5.63E-02    -2.23E-02    1.16E-02     4.53E-02     7.86E-02     1.12E-01     1.44E-01     1.76E-01     2.08E-01     2.39E-01     2.69E-01     3.00E-01     3.30E-01     3.59E-01     3.87E-01     4.16E-01     4.43E-01     4.71E-01     4.96E-01     5.21E-01     5.47E-01     5.72E-01     5.95E-01     6.17E-01     6.35E-01     6.51E-01     6.64E-01     6.72E-01     6.78E-01     6.83E-01     
N            7            2.27E-01     5.99E-01     5.99E-01     6.00E-01     6.01E-01     6.01E-01     6.02E-01     6.03E-01     6.04E-01     6.05E-01     6.06E-01     6.07E-01     6.08E-01     6.09E-01     6.10E-01     6.11E-01     6.12E-01     6.13E-01     6.14E-01     6.15E-01     6.16E-01     6.18E-01     6.19E-01     6.19E-01     6.20E-01     6.21E-01     6.22E-01     6.22E-01     6.23E-01     6.23E-01     6.24E-01     6.24E-01     6.24E-01     6.24E-01     6.24E-01     6.24E-01     6.24E-01     6.24E-01     6.24E-01     6.24E-01     6.24E-01     6.24E-01     6.24E-01     
O            8            0.00000E+00  -7.21E-02    -7.21E-02    -7.21E-02    -7.21E-02    -7.20E-02    -7.19E-02    -7.18E-02    -7.17E-02    -7.15E-02    -7.13E-02    -7.10E-02    -7.07E-02    -7.04E-02    -7.01E-02    -6.97E-02    -6.92E-02    -6.87E-02    -6.82E-02    -6.76E-02    -6.70E-02    -6.63E-02    -6.56E-02    -6.49E-02    -6.40E-02    -6.31E-02    -6.22E-02    -6.12E-02    -6.00E-02    -5.89E-02    -5.77E-02    -5.65E-02    -5.53E-02    -5.39E-02    -5.24E-02    -5.10E-02    -4.96E-02    -4.84E-02    -4.72E-02    -4.64E-02    -4.58E-02    -4.54E-02    -4.51E-02    
F            9            0.00000E+00  -9.73E-02    -9.73E-02    -9.73E-02    -9.73E-02    -9.73E-02    -9.72E-02    -9.71E-02    -9.70E-02    -9.69E-02    -9.68E-02    -9.67E-02    -9.66E-02    -9.65E-02    -9.64E-02    -9.63E-02    -9.62E-02    -9.61E-02    -9.60E-02    -9.59E-02    -9.58E-02    -9.57E-02    -9.56E-02    -9.55E-02    -9.54E-02    -9.52E-02    -9.51E-02    -9.49E-02    -9.48E-02    -9.47E-02    -9.46E-02    -9.44E-02    -9.43E-02    -9.41E-02    -9.39E-02    -9.38E-02    -9.36E-02    -9.34E-02    -9.32E-02    -9.31E-02    -9.30E-02    -9.29E-02    -9.28E-02    
Ne           10           0.00000E+00  -2.25E-02    -2.25E-02    -2.25E-02    -2.24E-02    -2.22E-02    -2.19E-02    -2.16E-02    -2.12E-02    -2.07E-02    -2.01E-02    -1.94E-02    -1.89E-02    -1.81E-02    -1.75E-02    -1.69E-02    -1.61E-02    -1.53E-02    -1.45E-02    -1.37E-02    -1.29E-02    -1.20E-02    -1.12E-02    -1.02E-02    0.00000E+00  0.00000E+00  0.00000E+00  0.00000E+00  0.00000E+00  0.00000E+00  0.00000E+00  0.00000E+00  0.00000E+00  0.00000E+00  0.00000E+00  0.00000E+00  0.00000E+00  0.00000E+00  0.00000E+00  0.00000E+00  0.00000E+00  1.03E-02     1.08E-02     
Na           11           0.00000E+00  4.49E-01     4.49E-01     4.49E-01     4.49E-01     4.49E-01     4.49E-01     4.49E-01     4.49E-01     4.49E-01     4.49E-01     4.49E-01     4.49E-01     4.49E-01     4.49E-01     4.49E-01     4.49E-01     4.50E-01     4.50E-01     4.50E-01     4.50E-01     4.50E-01     4.50E-01     4.50E-01     4.50E-01     4.50E-01     4.51E-01     4.51E-01     4.51E-01     4.51E-01     4.51E-01     4.51E-01     4.51E-01     4.52E-01     4.52E-01     4.52E-01     4.52E-01     4.52E-01     4.53E-01     4.53E-01     4.53E-01     4.53E-01     4.53E-01     
Mg           12           0.00000E+00  0.00000E+00  0.00000E+00  0.00000E+00  0.00000E+00  0.00000E+00  0.00000E+00  0.00000E+00  0.00000E+00  0.00000E+00  0.00000E+00  0.00000E+00  0.00000E+00  0.00000E+00  0.00000E+00  0.00000E+00  0.00000E+00  0.00000E+00  0.00000E+00  0.00000E+00  0.00000E+00  0.00000E+00  0.00000E+00  0.00000E+00  0.00000E+00  0.00000E+00  0.00000E+00  0.00000E+00  0.00000E+00  0.00000E+00  1.01E-02     1.15E-02     1.29E-02     1.46E-02     1.64E-02     1.83E-02     2.02E-02     2.20E-02     2.36E-02     2.49E-02     2.58E-02     2.64E-02     2.69E-02     
Al           13           0.00000E+00  2.34E-02     2.34E-02     2.34E-02     2.34E-02     2.34E-02     2.34E-02     2.34E-02     2.34E-02     2.34E-02     2.34E-02     2.34E-02     2.34E-02     2.33E-02     2.33E-02     2.33E-02     2.33E-02     2.33E-02     2.33E-02     2.33E-02     2.33E-02     2.33E-02     2.33E-02     2.33E-02     2.33E-02     2.33E-02     2.34E-02     2.34E-02     2.35E-02     2.35E-02     2.36E-02     2.37E-02     2.37E-02     2.39E-02     2.40E-02     2.41E-02     2.43E-02     2.44E-02     2.45E-02     2.47E-02     2.47E-02     2.48E-02     2.48E-02     
Si           14           0.00000E+00  0.00000E+00  0.00000E+00  0.00000E+00  0.00000E+00  0.00000E+00  0.00000E+00  0.00000E+00  0.00000E+00  0.00000E+00  0.00000E+00  0.00000E+00  0.00000E+00  0.00000E+00  0.00000E+00  0.00000E+00  0.00000E+00  0.00000E+00  0.00000E+00  0.00000E+00  0.00000E+00  0.00000E+00  0.00000E+00  0.00000E+00  0.00000E+00  0.00000E+00  0.00000E+00  0.00000E+00  0.00000E+00  0.00000E+00  0.00000E+00  0.00000E+00  0.00000E+00  0.00000E+00  0.00000E+00  0.00000E+00  0.00000E+00  0.00000E+00  0.00000E+00  0.00000E+00  0.00000E+00  0.00000E+00  0.00000E+00  
P            15           0.00000E+00  0.00000E+00  0.00000E+00  0.00000E+00  0.00000E+00  0.00000E+00  0.00000E+00  0.00000E+00  0.00000E+00  0.00000E+00  0.00000E+00  0.00000E+00  0.00000E+00  0.00000E+00  0.00000E+00  0.00000E+00  0.00000E+00  0.00000E+00  0.00000E+00  0.00000E+00  0.00000E+00  0.00000E+00  0.00000E+00  0.00000E+00  0.00000E+00  0.00000E+00  0.00000E+00  1.04E-02     1.18E-02     1.31E-02     1.46E-02     1.62E-02     1.78E-02     1.98E-02     2.19E-02     2.40E-02     2.62E-02     2.82E-02     3.00E-02     3.14E-02     3.24E-02     3.31E-02     3.36E-02     
S            16           0.00000E+00  0.00000E+00  0.00000E+00  0.00000E+00  0.00000E+00  0.00000E+00  0.00000E+00  0.00000E+00  0.00000E+00  0.00000E+00  0.00000E+00  0.00000E+00  0.00000E+00  0.00000E+00  0.00000E+00  0.00000E+00  0.00000E+00  0.00000E+00  0.00000E+00  0.00000E+00  0.00000E+00  0.00000E+00  0.00000E+00  0.00000E+00  0.00000E+00  0.00000E+00  0.00000E+00  0.00000E+00  0.00000E+00  0.00000E+00  0.00000E+00  0.00000E+00  0.00000E+00  0.00000E+00  0.00000E+00  0.00000E+00  0.00000E+00  0.00000E+00  0.00000E+00  0.00000E+00  0.00000E+00  0.00000E+00  0.00000E+00  
Cl           17           0.00000E+00  0.00000E+00  0.00000E+00  0.00000E+00  0.00000E+00  0.00000E+00  0.00000E+00  0.00000E+00  0.00000E+00  0.00000E+00  0.00000E+00  0.00000E+00  0.00000E+00  0.00000E+00  0.00000E+00  0.00000E+00  0.00000E+00  0.00000E+00  0.00000E+00  0.00000E+00  0.00000E+00  0.00000E+00  0.00000E+00  0.00000E+00  0.00000E+00  0.00000E+00  0.00000E+00  0.00000E+00  0.00000E+00  0.00000E+00  0.00000E+00  0.00000E+00  0.00000E+00  0.00000E+00  0.00000E+00  0.00000E+00  0.00000E+00  0.00000E+00  0.00000E+00  0.00000E+00  0.00000E+00  0.00000E+00  0.00000E+00  
Ar           18           0.00000E+00  0.00000E+00  0.00000E+00  0.00000E+00  0.00000E+00  0.00000E+00  0.00000E+00  0.00000E+00  0.00000E+00  0.00000E+00  0.00000E+00  0.00000E+00  0.00000E+00  0.00000E+00  0.00000E+00  0.00000E+00  0.00000E+00  0.00000E+00  0.00000E+00  0.00000E+00  0.00000E+00  0.00000E+00  0.00000E+00  0.00000E+00  0.00000E+00  0.00000E+00  0.00000E+00  0.00000E+00  0.00000E+00  0.00000E+00  0.00000E+00  0.00000E+00  0.00000E+00  0.00000E+00  0.00000E+00  0.00000E+00  0.00000E+00  0.00000E+00  0.00000E+00  0.00000E+00  0.00000E+00  0.00000E+00  0.00000E+00  
K            19           0.00000E+00  0.00000E+00  0.00000E+00  0.00000E+00  0.00000E+00  0.00000E+00  0.00000E+00  0.00000E+00  0.00000E+00  0.00000E+00  0.00000E+00  0.00000E+00  0.00000E+00  0.00000E+00  0.00000E+00  0.00000E+00  0.00000E+00  0.00000E+00  0.00000E+00  0.00000E+00  0.00000E+00  0.00000E+00  0.00000E+00  0.00000E+00  0.00000E+00  0.00000E+00  0.00000E+00  0.00000E+00  0.00000E+00  0.00000E+00  0.00000E+00  0.00000E+00  0.00000E+00  0.00000E+00  0.00000E+00  0.00000E+00  0.00000E+00  0.00000E+00  0.00000E+00  0.00000E+00  0.00000E+00  0.00000E+00  0.00000E+00  
Ca           20           0.00000E+00  0.00000E+00  0.00000E+00  0.00000E+00  0.00000E+00  0.00000E+00  0.00000E+00  0.00000E+00  0.00000E+00  0.00000E+00  0.00000E+00  0.00000E+00  0.00000E+00  0.00000E+00  0.00000E+00  0.00000E+00  0.00000E+00  0.00000E+00  0.00000E+00  0.00000E+00  0.00000E+00  0.00000E+00  0.00000E+00  0.00000E+00  0.00000E+00  0.00000E+00  0.00000E+00  0.00000E+00  0.00000E+00  0.00000E+00  0.00000E+00  0.00000E+00  0.00000E+00  0.00000E+00  0.00000E+00  0.00000E+00  0.00000E+00  0.00000E+00  0.00000E+00  0.00000E+00  0.00000E+00  0.00000E+00  0.00000E+00  
Sc           21           0.00000E+00  0.00000E+00  0.00000E+00  0.00000E+00  0.00000E+00  0.00000E+00  0.00000E+00  0.00000E+00  0.00000E+00  0.00000E+00  0.00000E+00  0.00000E+00  0.00000E+00  0.00000E+00  0.00000E+00  0.00000E+00  0.00000E+00  0.00000E+00  0.00000E+00  0.00000E+00  0.00000E+00  0.00000E+00  1.06E-02     1.18E-02     1.30E-02     1.45E-02     1.60E-02     1.77E-02     1.95E-02     2.13E-02     2.33E-02     2.53E-02     2.73E-02     2.97E-02     3.23E-02     3.48E-02     3.73E-02     3.97E-02     4.18E-02     4.36E-02     4.49E-02     4.58E-02     4.65E-02     
Ti           22           0.00000E+00  0.00000E+00  0.00000E+00  0.00000E+00  0.00000E+00  0.00000E+00  0.00000E+00  0.00000E+00  0.00000E+00  0.00000E+00  0.00000E+00  0.00000E+00  0.00000E+00  0.00000E+00  0.00000E+00  0.00000E+00  0.00000E+00  0.00000E+00  0.00000E+00  0.00000E+00  0.00000E+00  0.00000E+00  0.00000E+00  0.00000E+00  0.00000E+00  0.00000E+00  0.00000E+00  0.00000E+00  0.00000E+00  0.00000E+00  0.00000E+00  0.00000E+00  0.00000E+00  0.00000E+00  0.00000E+00  0.00000E+00  0.00000E+00  0.00000E+00  0.00000E+00  0.00000E+00  0.00000E+00  0.00000E+00  0.00000E+00  
V            23           0.00000E+00  0.00000E+00  0.00000E+00  0.00000E+00  0.00000E+00  0.00000E+00  0.00000E+00  0.00000E+00  0.00000E+00  0.00000E+00  0.00000E+00  0.00000E+00  0.00000E+00  0.00000E+00  0.00000E+00  0.00000E+00  0.00000E+00  0.00000E+00  0.00000E+00  0.00000E+00  0.00000E+00  0.00000E+00  0.00000E+00  0.00000E+00  0.00000E+00  0.00000E+00  0.00000E+00  0.00000E+00  0.00000E+00  0.00000E+00  0.00000E+00  0.00000E+00  0.00000E+00  0.00000E+00  0.00000E+00  0.00000E+00  0.00000E+00  0.00000E+00  0.00000E+00  0.00000E+00  0.00000E+00  0.00000E+00  0.00000E+00  
Cr           24           0.00000E+00  0.00000E+00  0.00000E+00  0.00000E+00  0.00000E+00  0.00000E+00  0.00000E+00  0.00000E+00  0.00000E+00  0.00000E+00  0.00000E+00  0.00000E+00  0.00000E+00  0.00000E+00  0.00000E+00  0.00000E+00  0.00000E+00  0.00000E+00  0.00000E+00  0.00000E+00  0.00000E+00  0.00000E+00  0.00000E+00  0.00000E+00  0.00000E+00  0.00000E+00  0.00000E+00  0.00000E+00  0.00000E+00  0.00000E+00  0.00000E+00  0.00000E+00  0.00000E+00  0.00000E+00  0.00000E+00  0.00000E+00  0.00000E+00  0.00000E+00  0.00000E+00  0.00000E+00  0.00000E+00  0.00000E+00  0.00000E+00  
Mn           25           0.00000E+00  0.00000E+00  0.00000E+00  0.00000E+00  0.00000E+00  0.00000E+00  0.00000E+00  0.00000E+00  0.00000E+00  0.00000E+00  0.00000E+00  0.00000E+00  0.00000E+00  0.00000E+00  0.00000E+00  0.00000E+00  0.00000E+00  0.00000E+00  0.00000E+00  0.00000E+00  0.00000E+00  0.00000E+00  0.00000E+00  0.00000E+00  0.00000E+00  0.00000E+00  0.00000E+00  0.00000E+00  0.00000E+00  0.00000E+00  0.00000E+00  0.00000E+00  0.00000E+00  0.00000E+00  0.00000E+00  0.00000E+00  0.00000E+00  0.00000E+00  0.00000E+00  0.00000E+00  0.00000E+00  0.00000E+00  0.00000E+00  
Fe           26           0.00E+00     0.00E+00     0.00E+00     0.00E+00     0.00E+00     0.00E+00     0.00E+00     0.00E+00     0.00E+00     0.00E+00     0.00E+00     0.00E+00     0.00E+00     0.00E+00     0.00E+00     0.00E+00     0.00E+00     0.00E+00     0.00E+00     0.00E+00     0.00E+00     0.00E+00     0.00E+00     0.00E+00     0.00E+00     0.00E+00     0.00E+00     0.00E+00     0.00E+00     0.00E+00     0.00E+00     0.00E+00     0.00E+00     0.00E+00     0.00E+00     0.00E+00     0.00E+00     0.00E+00     0.00E+00     0.00E+00     0.00E+00     0.00E+00     0.00E+00     
Co           27           0.00000E+00  0.00000E+00  0.00000E+00  0.00000E+00  0.00000E+00  0.00000E+00  0.00000E+00  0.00000E+00  0.00000E+00  0.00000E+00  0.00000E+00  0.00000E+00  0.00000E+00  0.00000E+00  0.00000E+00  0.00000E+00  0.00000E+00  1.09E-02     1.24E-02     1.41E-02     1.59E-02     1.79E-02     1.99E-02     2.21E-02     2.43E-02     2.68E-02     2.92E-02     3.17E-02     3.43E-02     3.70E-02     3.98E-02     4.25E-02     4.51E-02     4.80E-02     5.09E-02     5.37E-02     5.63E-02     5.87E-02     6.08E-02     6.25E-02     6.39E-02     6.49E-02     6.58E-02     
Ni           28           0.00000E+00  0.00000E+00  0.00000E+00  0.00000E+00  0.00000E+00  0.00000E+00  0.00000E+00  0.00000E+00  0.00000E+00  0.00000E+00  0.00000E+00  0.00000E+00  0.00000E+00  0.00000E+00  0.00000E+00  0.00000E+00  0.00000E+00  0.00000E+00  0.00000E+00  0.00000E+00  0.00000E+00  0.00000E+00  0.00000E+00  0.00000E+00  0.00000E+00  0.00000E+00  0.00000E+00  0.00000E+00  0.00000E+00  0.00000E+00  0.00000E+00  0.00000E+00  0.00000E+00  0.00000E+00  0.00000E+00  0.00000E+00  0.00000E+00  0.00000E+00  0.00000E+00  0.00000E+00  0.00000E+00  0.00000E+00  0.00000E+00  
Cu           29           0.00000E+00  0.00000E+00  0.00000E+00  0.00000E+00  0.00000E+00  0.00000E+00  0.00000E+00  0.00000E+00  0.00000E+00  0.00000E+00  0.00000E+00  0.00000E+00  0.00000E+00  1.02E-02     1.20E-02     1.40E-02     1.65E-02     1.94E-02     2.26E-02     2.59E-02     2.97E-02     3.39E-02     3.83E-02     4.32E-02     4.86E-02     5.47E-02     6.08E-02     6.74E-02     7.48E-02     8.17E-02     8.92E-02     9.67E-02     1.04E-01     1.12E-01     1.21E-01     1.30E-01     1.38E-01     1.46E-01     1.52E-01     1.58E-01     1.61E-01     1.64E-01     1.65E-01     
Zn           30           0.00000E+00  0.00000E+00  0.00000E+00  0.00000E+00  0.00000E+00  0.00000E+00  0.00000E+00  0.00000E+00  0.00000E+00  0.00000E+00  0.00000E+00  0.00000E+00  0.00000E+00  0.00000E+00  0.00000E+00  0.00000E+00  0.00000E+00  0.00000E+00  0.00000E+00  0.00000E+00  0.00000E+00  0.00000E+00  0.00000E+00  0.00000E+00  0.00000E+00  0.00000E+00  1.08E-02     1.26E-02     1.44E-02     1.62E-02     1.83E-02     2.03E-02     2.25E-02     2.50E-02     2.77E-02     3.05E-02     3.32E-02     3.57E-02     3.79E-02     3.97E-02     4.10E-02     4.18E-02     4.24E-02     
Ga           31           0.00000E+00  0.00000E+00  0.00000E+00  0.00000E+00  0.00000E+00  0.00000E+00  0.00000E+00  0.00000E+00  0.00000E+00  0.00000E+00  0.00000E+00  0.00000E+00  0.00000E+00  0.00000E+00  0.00000E+00  0.00000E+00  0.00000E+00  0.00000E+00  1.18E-02     1.40E-02     1.65E-02     1.94E-02     2.26E-02     2.63E-02     3.05E-02     3.53E-02     4.08E-02     4.67E-02     5.31E-02     5.93E-02     6.62E-02     7.32E-02     8.02E-02     8.85E-02     9.75E-02     1.06E-01     1.15E-01     1.23E-01     1.30E-01     1.35E-01     1.39E-01     1.42E-01     1.43E-01     
Ge           32           0.00000E+00  0.00000E+00  0.00000E+00  0.00000E+00  0.00000E+00  0.00000E+00  0.00000E+00  0.00000E+00  0.00000E+00  0.00000E+00  0.00000E+00  0.00000E+00  0.00000E+00  0.00000E+00  0.00000E+00  0.00000E+00  0.00000E+00  0.00000E+00  0.00000E+00  1.13E-02     1.40E-02     1.71E-02     2.07E-02     2.49E-02     2.96E-02     3.51E-02     4.15E-02     4.84E-02     5.61E-02     6.34E-02     7.15E-02     7.98E-02     8.82E-02     9.81E-02     1.09E-01     1.19E-01     1.30E-01     1.39E-01     1.48E-01     1.55E-01     1.59E-01     1.62E-01     1.65E-01     
As           33           0.00000E+00  0.00000E+00  0.00000E+00  0.00000E+00  0.00000E+00  0.00000E+00  0.00000E+00  0.00000E+00  0.00000E+00  0.00000E+00  0.00000E+00  0.00000E+00  0.00000E+00  0.00000E+00  0.00000E+00  0.00000E+00  0.00000E+00  0.00000E+00  0.00000E+00  0.00000E+00  0.00000E+00  1.08E-02     1.36E-02     1.70E-02     2.10E-02     2.56E-02     3.10E-02     3.70E-02     4.37E-02     5.01E-02     5.71E-02     6.44E-02     7.19E-02     8.07E-02     9.03E-02     9.99E-02     1.09E-01     1.18E-01     1.26E-01     1.32E-01     1.36E-01     1.39E-01     1.41E-01     
Se           34           0.00000E+00  0.00000E+00  0.00000E+00  0.00000E+00  0.00000E+00  0.00000E+00  0.00000E+00  0.00000E+00  0.00000E+00  0.00000E+00  0.00000E+00  0.00000E+00  0.00000E+00  0.00000E+00  0.00000E+00  0.00000E+00  0.00000E+00  0.00000E+00  0.00000E+00  0.00000E+00  1.19E-02     1.49E-02     1.84E-02     2.26E-02     2.75E-02     3.34E-02     4.03E-02     4.81E-02     5.69E-02     6.52E-02     7.45E-02     8.40E-02     9.39E-02     1.06E-01     1.18E-01     1.31E-01     1.44E-01     1.56E-01     1.66E-01     1.74E-01     1.80E-01     1.83E-01     1.86E-01     
Br           35           0.00000E+00  0.00000E+00  0.00000E+00  0.00000E+00  0.00000E+00  0.00000E+00  0.00000E+00  0.00000E+00  0.00000E+00  0.00000E+00  0.00000E+00  0.00000E+00  0.00000E+00  0.00000E+00  0.00000E+00  0.00000E+00  0.00000E+00  0.00000E+00  0.00000E+00  0.00000E+00  0.00000E+00  0.00000E+00  0.00000E+00  0.00000E+00  0.00000E+00  1.06E-02     1.37E-02     1.74E-02     2.16E-02     2.56E-02     3.01E-02     3.49E-02     3.98E-02     4.58E-02     5.25E-02     5.92E-02     6.58E-02     7.21E-02     7.77E-02     8.22E-02     8.53E-02     8.75E-02     8.92E-02     
Kr           36           0.00000E+00  0.00000E+00  0.00000E+00  0.00000E+00  0.00000E+00  0.00000E+00  0.00000E+00  0.00000E+00  0.00000E+00  0.00000E+00  0.00000E+00  0.00000E+00  0.00000E+00  0.00000E+00  0.00000E+00  0.00000E+00  0.00000E+00  0.00000E+00  0.00000E+00  0.00000E+00  1.20E-02     1.50E-02     1.85E-02     2.29E-02     2.81E-02     3.47E-02     4.25E-02     5.17E-02     6.23E-02     7.25E-02     8.38E-02     9.54E-02     1.08E-01     1.22E-01     1.39E-01     1.55E-01     1.71E-01     1.87E-01     2.00E-01     2.11E-01     2.18E-01     2.23E-01     2.26E-01     
Rb           37           0.00000E+00  0.00000E+00  0.00000E+00  0.00000E+00  0.00000E+00  0.00000E+00  0.00000E+00  0.00000E+00  0.00000E+00  0.00000E+00  0.00000E+00  0.00000E+00  0.00000E+00  0.00000E+00  0.00000E+00  0.00000E+00  0.00000E+00  1.27E-02     1.65E-02     2.16E-02     2.76E-02     3.52E-02     4.41E-02     5.51E-02     6.82E-02     8.43E-02     1.03E-01     1.25E-01     1.50E-01     1.73E-01     1.98E-01     2.23E-01     2.49E-01     2.78E-01     3.10E-01     3.42E-01     3.72E-01     4.01E-01     4.25E-01     4.44E-01     4.56E-01     4.65E-01     4.71E-01     
Sr           38           0.00000E+00  0.00000E+00  0.00000E+00  0.00000E+00  0.00000E+00  0.00000E+00  0.00000E+00  0.00000E+00  0.00000E+00  0.00000E+00  0.00000E+00  0.00000E+00  0.00000E+00  0.00000E+00  0.00000E+00  0.00000E+00  0.00000E+00  0.00000E+00  0.00000E+00  0.00000E+00  1.19E-02     1.44E-02     1.74E-02     2.10E-02     2.56E-02     3.13E-02     3.82E-02     4.65E-02     5.64E-02     6.63E-02     7.70E-02     8.81E-02     9.99E-02     1.14E-01     1.30E-01     1.47E-01     1.63E-01     1.79E-01     1.93E-01     2.04E-01     2.11E-01     2.16E-01     2.19E-01     
Y            39           0.00000E+00  0.00000E+00  0.00000E+00  0.00000E+00  0.00000E+00  0.00000E+00  0.00000E+00  0.00000E+00  0.00000E+00  0.00000E+00  0.00000E+00  0.00000E+00  0.00000E+00  0.00000E+00  0.00000E+00  0.00000E+00  0.00000E+00  0.00000E+00  0.00000E+00  0.00000E+00  1.03E-02     1.27E-02     1.56E-02     1.89E-02     2.32E-02     2.88E-02     3.55E-02     4.37E-02     5.37E-02     6.39E-02     7.50E-02     8.64E-02     9.86E-02     1.13E-01     1.30E-01     1.48E-01     1.65E-01     1.82E-01     1.97E-01     2.10E-01     2.18E-01     2.24E-01     2.27E-01     
Zr           40           0.00000E+00  0.00000E+00  0.00000E+00  0.00000E+00  0.00000E+00  0.00000E+00  0.00000E+00  0.00000E+00  0.00000E+00  0.00000E+00  0.00000E+00  0.00000E+00  0.00000E+00  0.00000E+00  0.00000E+00  0.00000E+00  0.00000E+00  0.00000E+00  0.00000E+00  0.00000E+00  0.00000E+00  0.00000E+00  1.12E-02     1.32E-02     1.60E-02     1.97E-02     2.40E-02     2.95E-02     3.63E-02     4.34E-02     5.13E-02     5.95E-02     6.83E-02     7.93E-02     9.20E-02     1.06E-01     1.20E-01     1.33E-01     1.46E-01     1.56E-01     1.63E-01     1.67E-01     1.71E-01     
Nb           41           0.00000E+00  0.00000E+00  0.00000E+00  0.00000E+00  0.00000E+00  0.00000E+00  0.00000E+00  0.00000E+00  0.00000E+00  0.00000E+00  0.00000E+00  0.00000E+00  0.00000E+00  0.00000E+00  0.00000E+00  0.00000E+00  0.00000E+00  0.00000E+00  0.00000E+00  0.00000E+00  0.00000E+00  0.00000E+00  0.00000E+00  0.00000E+00  0.00000E+00  0.00000E+00  0.00000E+00  0.00000E+00  0.00000E+00  0.00000E+00  0.00000E+00  0.00000E+00  0.00000E+00  0.00000E+00  0.00000E+00  0.00000E+00  0.00000E+00  0.00000E+00  0.00000E+00  0.00000E+00  0.00000E+00  0.00000E+00  0.00000E+00  
Mo           42           0.00000E+00  0.00000E+00  0.00000E+00  0.00000E+00  0.00000E+00  0.00000E+00  0.00000E+00  0.00000E+00  0.00000E+00  0.00000E+00  0.00000E+00  0.00000E+00  0.00000E+00  0.00000E+00  0.00000E+00  0.00000E+00  0.00000E+00  0.00000E+00  0.00000E+00  0.00000E+00  0.00000E+00  0.00000E+00  0.00000E+00  0.00000E+00  0.00000E+00  1.14E-02     1.37E-02     1.66E-02     2.03E-02     2.43E-02     2.88E-02     3.34E-02     3.85E-02     4.50E-02     5.27E-02     6.10E-02     6.98E-02     7.87E-02     8.67E-02     9.33E-02     9.79E-02     1.01E-01     1.03E-01     
Tc           43           \N           \N           \N           \N           \N           \N           \N           \N           \N           \N           \N           \N           \N           \N           \N           \N           \N           \N           \N           \N           \N           \N           \N           \N           \N           \N           \N           \N           \N           \N           \N           \N           \N           \N           \N           \N           \N           \N           \N           \N           \N           \N           \N           
Ru           44           0.00000E+00  0.00000E+00  0.00000E+00  0.00000E+00  0.00000E+00  0.00000E+00  0.00000E+00  0.00000E+00  0.00000E+00  0.00000E+00  0.00000E+00  0.00000E+00  0.00000E+00  0.00000E+00  0.00000E+00  0.00000E+00  0.00000E+00  0.00000E+00  0.00000E+00  0.00000E+00  0.00000E+00  0.00000E+00  0.00000E+00  0.00000E+00  0.00000E+00  0.00000E+00  0.00000E+00  0.00000E+00  1.22E-02     1.50E-02     1.83E-02     2.17E-02     2.54E-02     3.02E-02     3.60E-02     4.23E-02     4.90E-02     5.58E-02     6.20E-02     6.71E-02     7.06E-02     7.30E-02     7.47E-02     
Rh           45           0.00000E+00  0.00000E+00  0.00000E+00  0.00000E+00  0.00000E+00  0.00000E+00  0.00000E+00  0.00000E+00  0.00000E+00  0.00000E+00  0.00000E+00  0.00000E+00  0.00000E+00  0.00000E+00  0.00000E+00  0.00000E+00  0.00000E+00  0.00000E+00  0.00000E+00  0.00000E+00  0.00000E+00  0.00000E+00  0.00000E+00  0.00000E+00  0.00000E+00  0.00000E+00  0.00000E+00  0.00000E+00  0.00000E+00  0.00000E+00  0.00000E+00  0.00000E+00  0.00000E+00  0.00000E+00  0.00000E+00  1.25E-02     1.58E-02     1.93E-02     2.25E-02     2.52E-02     2.71E-02     2.85E-02     2.95E-02     
Pd           46           0.00000E+00  0.00000E+00  0.00000E+00  0.00000E+00  0.00000E+00  0.00000E+00  0.00000E+00  0.00000E+00  0.00000E+00  0.00000E+00  0.00000E+00  0.00000E+00  0.00000E+00  0.00000E+00  0.00000E+00  0.00000E+00  0.00000E+00  0.00000E+00  0.00000E+00  0.00000E+00  0.00000E+00  0.00000E+00  0.00000E+00  0.00000E+00  0.00000E+00  1.12E-02     1.31E-02     1.56E-02     1.88E-02     2.22E-02     2.62E-02     3.03E-02     3.49E-02     4.08E-02     4.78E-02     5.55E-02     6.37E-02     7.21E-02     7.97E-02     8.59E-02     9.02E-02     9.31E-02     9.51E-02     
Ag           47           0.00000E+00  0.00000E+00  0.00000E+00  0.00000E+00  0.00000E+00  0.00000E+00  0.00000E+00  0.00000E+00  0.00000E+00  0.00000E+00  0.00000E+00  0.00000E+00  0.00000E+00  0.00000E+00  0.00000E+00  0.00000E+00  0.00000E+00  0.00000E+00  0.00000E+00  0.00000E+00  0.00000E+00  0.00000E+00  0.00000E+00  0.00000E+00  0.00000E+00  0.00000E+00  0.00000E+00  0.00000E+00  0.00000E+00  0.00000E+00  0.00000E+00  0.00000E+00  0.00000E+00  0.00000E+00  0.00000E+00  0.00000E+00  1.04E-02     1.31E-02     1.56E-02     1.77E-02     1.91E-02     2.01E-02     2.08E-02     
Cd           48           0.00000E+00  0.00000E+00  0.00000E+00  0.00000E+00  0.00000E+00  0.00000E+00  0.00000E+00  0.00000E+00  0.00000E+00  0.00000E+00  0.00000E+00  0.00000E+00  0.00000E+00  0.00000E+00  0.00000E+00  0.00000E+00  0.00000E+00  0.00000E+00  0.00000E+00  0.00000E+00  0.00000E+00  0.00000E+00  0.00000E+00  0.00000E+00  1.12E-02     1.30E-02     1.52E-02     1.80E-02     2.16E-02     2.54E-02     3.00E-02     3.47E-02     3.98E-02     4.67E-02     5.50E-02     6.40E-02     7.38E-02     8.36E-02     9.26E-02     1.00E-01     1.05E-01     1.08E-01     1.11E-01     
In           49           0.00000E+00  0.00000E+00  0.00000E+00  0.00000E+00  0.00000E+00  0.00000E+00  0.00000E+00  0.00000E+00  0.00000E+00  0.00000E+00  0.00000E+00  0.00000E+00  0.00000E+00  0.00000E+00  0.00000E+00  0.00000E+00  0.00000E+00  0.00000E+00  0.00000E+00  0.00000E+00  0.00000E+00  0.00000E+00  0.00000E+00  0.00000E+00  0.00000E+00  0.00000E+00  0.00000E+00  0.00000E+00  0.00000E+00  0.00000E+00  1.19E-02     1.48E-02     1.80E-02     2.22E-02     2.74E-02     3.32E-02     3.96E-02     4.61E-02     5.22E-02     5.74E-02     6.11E-02     6.36E-02     6.54E-02     
Sn           50           0.00000E+00  0.00000E+00  0.00000E+00  0.00000E+00  0.00000E+00  0.00000E+00  0.00000E+00  0.00000E+00  0.00000E+00  0.00000E+00  0.00000E+00  0.00000E+00  0.00000E+00  0.00000E+00  0.00000E+00  0.00000E+00  0.00000E+00  0.00000E+00  0.00000E+00  0.00000E+00  0.00000E+00  0.00000E+00  0.00000E+00  0.00000E+00  0.00000E+00  1.16E-02     1.36E-02     1.61E-02     1.93E-02     2.27E-02     2.67E-02     3.09E-02     3.55E-02     4.17E-02     4.93E-02     5.77E-02     6.68E-02     7.61E-02     8.47E-02     9.18E-02     9.65E-02     9.97E-02     1.02E-01     
Sb           51           0.00000E+00  0.00000E+00  0.00000E+00  0.00000E+00  0.00000E+00  0.00000E+00  0.00000E+00  0.00000E+00  0.00000E+00  0.00000E+00  0.00000E+00  0.00000E+00  0.00000E+00  0.00000E+00  0.00000E+00  0.00000E+00  0.00000E+00  0.00000E+00  0.00000E+00  0.00000E+00  0.00000E+00  0.00000E+00  0.00000E+00  0.00000E+00  0.00000E+00  0.00000E+00  0.00000E+00  0.00000E+00  0.00000E+00  0.00000E+00  0.00000E+00  1.02E-02     1.24E-02     1.53E-02     1.89E-02     2.30E-02     2.76E-02     3.24E-02     3.71E-02     4.11E-02     4.40E-02     4.62E-02     4.78E-02     
Te           52           0.00000E+00  0.00000E+00  0.00000E+00  0.00000E+00  0.00000E+00  0.00000E+00  0.00000E+00  0.00000E+00  0.00000E+00  0.00000E+00  0.00000E+00  0.00000E+00  0.00000E+00  0.00000E+00  0.00000E+00  0.00000E+00  0.00000E+00  0.00000E+00  0.00000E+00  0.00000E+00  0.00000E+00  0.00000E+00  0.00000E+00  0.00000E+00  0.00000E+00  0.00000E+00  0.00000E+00  0.00000E+00  0.00000E+00  0.00000E+00  0.00000E+00  0.00000E+00  0.00000E+00  0.00000E+00  1.10E-02     1.29E-02     1.50E-02     1.71E-02     1.92E-02     2.09E-02     2.20E-02     2.28E-02     2.33E-02     
I            53           0.00000E+00  0.00000E+00  0.00000E+00  0.00000E+00  0.00000E+00  0.00000E+00  0.00000E+00  0.00000E+00  0.00000E+00  0.00000E+00  0.00000E+00  0.00000E+00  0.00000E+00  0.00000E+00  0.00000E+00  0.00000E+00  0.00000E+00  0.00000E+00  0.00000E+00  0.00000E+00  0.00000E+00  0.00000E+00  0.00000E+00  0.00000E+00  0.00000E+00  0.00000E+00  0.00000E+00  0.00000E+00  0.00000E+00  0.00000E+00  0.00000E+00  0.00000E+00  0.00000E+00  0.00000E+00  0.00000E+00  0.00000E+00  0.00000E+00  0.00000E+00  0.00000E+00  0.00000E+00  0.00000E+00  0.00000E+00  0.00000E+00  
Xe           54           0.00000E+00  0.00000E+00  0.00000E+00  0.00000E+00  0.00000E+00  0.00000E+00  0.00000E+00  0.00000E+00  0.00000E+00  0.00000E+00  0.00000E+00  0.00000E+00  0.00000E+00  0.00000E+00  0.00000E+00  0.00000E+00  0.00000E+00  0.00000E+00  0.00000E+00  0.00000E+00  0.00000E+00  0.00000E+00  0.00000E+00  0.00000E+00  0.00000E+00  0.00000E+00  0.00000E+00  0.00000E+00  0.00000E+00  0.00000E+00  0.00000E+00  1.04E-02     1.16E-02     1.33E-02     1.53E-02     1.76E-02     2.02E-02     2.28E-02     2.54E-02     2.75E-02     2.90E-02     3.00E-02     3.07E-02     
Cs           55           0.00000E+00  0.00000E+00  0.00000E+00  0.00000E+00  0.00000E+00  0.00000E+00  0.00000E+00  0.00000E+00  0.00000E+00  0.00000E+00  0.00000E+00  0.00000E+00  0.00000E+00  0.00000E+00  0.00000E+00  0.00000E+00  0.00000E+00  0.00000E+00  0.00000E+00  0.00000E+00  0.00000E+00  0.00000E+00  0.00000E+00  0.00000E+00  0.00000E+00  0.00000E+00  0.00000E+00  0.00000E+00  0.00000E+00  0.00000E+00  0.00000E+00  1.09E-02     1.29E-02     1.54E-02     1.84E-02     2.19E-02     2.58E-02     3.00E-02     3.40E-02     3.75E-02     4.01E-02     4.19E-02     4.33E-02     
Ba           56           0.00000E+00  0.00000E+00  0.00000E+00  0.00000E+00  0.00000E+00  0.00000E+00  0.00000E+00  0.00000E+00  0.00000E+00  0.00000E+00  0.00000E+00  0.00000E+00  1.03E-02     1.05E-02     1.07E-02     1.21E-02     1.27E-02     1.31E-02     1.33E-02     1.41E-02     1.45E-02     1.60E-02     1.77E-02     1.90E-02     2.09E-02     2.33E-02     2.55E-02     2.82E-02     3.12E-02     3.42E-02     3.73E-02     4.05E-02     4.40E-02     4.84E-02     5.34E-02     5.87E-02     6.45E-02     7.04E-02     7.59E-02     8.03E-02     8.33E-02     8.53E-02     8.68E-02     
La           57           0.00000E+00  0.00000E+00  0.00000E+00  0.00000E+00  0.00000E+00  0.00000E+00  0.00000E+00  0.00000E+00  0.00000E+00  0.00000E+00  0.00000E+00  0.00000E+00  0.00000E+00  0.00000E+00  1.01E-02     1.15E-02     1.21E-02     1.24E-02     1.26E-02     1.33E-02     1.37E-02     1.51E-02     1.68E-02     1.80E-02     1.98E-02     2.19E-02     2.38E-02     2.62E-02     2.87E-02     3.11E-02     3.35E-02     3.60E-02     3.85E-02     4.18E-02     4.54E-02     4.91E-02     5.31E-02     5.70E-02     6.09E-02     6.38E-02     6.58E-02     6.72E-02     6.83E-02     
Ce           58           0.00000E+00  0.00000E+00  0.00000E+00  0.00000E+00  0.00000E+00  0.00000E+00  0.00000E+00  0.00000E+00  0.00000E+00  0.00000E+00  0.00000E+00  1.05E-02     1.08E-02     1.10E-02     1.12E-02     1.28E-02     1.34E-02     1.37E-02     1.39E-02     1.45E-02     1.49E-02     1.64E-02     1.82E-02     1.96E-02     2.15E-02     2.36E-02     2.53E-02     2.77E-02     3.01E-02     3.23E-02     3.44E-02     3.65E-02     3.88E-02     4.15E-02     4.45E-02     4.75E-02     5.07E-02     5.37E-02     5.67E-02     5.89E-02     6.04E-02     6.15E-02     6.23E-02     
Pr           59           0.00000E+00  0.00000E+00  0.00000E+00  0.00000E+00  0.00000E+00  0.00000E+00  0.00000E+00  0.00000E+00  0.00000E+00  0.00000E+00  0.00000E+00  0.00000E+00  0.00000E+00  0.00000E+00  0.00000E+00  0.00000E+00  0.00000E+00  0.00000E+00  0.00000E+00  0.00000E+00  0.00000E+00  0.00000E+00  1.07E-02     1.16E-02     1.29E-02     1.44E-02     1.56E-02     1.72E-02     1.89E-02     2.04E-02     2.19E-02     2.34E-02     2.49E-02     2.69E-02     2.90E-02     3.12E-02     3.35E-02     3.58E-02     3.80E-02     3.98E-02     4.10E-02     4.20E-02     4.28E-02     
Nd           60           0.00000E+00  0.00000E+00  0.00000E+00  0.00000E+00  0.00000E+00  0.00000E+00  0.00000E+00  0.00000E+00  0.00000E+00  0.00000E+00  0.00000E+00  0.00000E+00  0.00000E+00  0.00000E+00  0.00000E+00  1.03E-02     1.07E-02     1.09E-02     1.11E-02     1.15E-02     1.19E-02     1.30E-02     1.44E-02     1.56E-02     1.72E-02     1.89E-02     2.04E-02     2.25E-02     2.45E-02     2.65E-02     2.83E-02     3.02E-02     3.21E-02     3.46E-02     3.74E-02     4.01E-02     4.30E-02     4.57E-02     4.85E-02     5.04E-02     5.18E-02     5.27E-02     5.35E-02     
Pm           61           \N           \N           \N           \N           \N           \N           \N           \N           \N           \N           \N           \N           \N           \N           \N           \N           \N           \N           \N           \N           \N           \N           \N           \N           \N           \N           \N           \N           \N           \N           \N           \N           \N           \N           \N           \N           \N           \N           \N           \N           \N           \N           \N           
Sm           62           0.00000E+00  0.00000E+00  0.00000E+00  0.00000E+00  0.00000E+00  0.00000E+00  0.00000E+00  0.00000E+00  0.00000E+00  0.00000E+00  0.00000E+00  0.00000E+00  0.00000E+00  0.00000E+00  0.00000E+00  0.00000E+00  0.00000E+00  0.00000E+00  0.00000E+00  0.00000E+00  0.00000E+00  0.00000E+00  0.00000E+00  0.00000E+00  0.00000E+00  1.02E-02     1.15E-02     1.31E-02     1.48E-02     1.64E-02     1.79E-02     1.95E-02     2.11E-02     2.32E-02     2.55E-02     2.78E-02     3.02E-02     3.25E-02     3.47E-02     3.63E-02     3.74E-02     3.81E-02     3.87E-02     
Eu           63           0.00000E+00  -1.64E-02    -1.64E-02    -1.64E-02    -1.64E-02    -1.63E-02    -1.62E-02    -1.60E-02    -1.58E-02    -1.56E-02    -1.54E-02    -1.54E-02    -1.54E-02    -1.54E-02    -1.54E-02    -1.52E-02    -1.52E-02    -1.52E-02    -1.52E-02    -1.51E-02    -1.51E-02    -1.49E-02    -1.47E-02    -1.45E-02    -1.43E-02    -1.39E-02    -1.37E-02    -1.33E-02    -1.29E-02    -1.26E-02    -1.23E-02    -1.19E-02    -1.16E-02    -1.11E-02    -1.05E-02    0.00000E+00  0.00000E+00  0.00000E+00  0.00000E+00  0.00000E+00  0.00000E+00  0.00000E+00  0.00000E+00  
Gd           64           0.00000E+00  0.00000E+00  0.00000E+00  0.00000E+00  0.00000E+00  0.00000E+00  0.00000E+00  0.00000E+00  0.00000E+00  0.00000E+00  0.00000E+00  0.00000E+00  0.00000E+00  0.00000E+00  0.00000E+00  0.00000E+00  0.00000E+00  0.00000E+00  0.00000E+00  0.00000E+00  0.00000E+00  0.00000E+00  0.00000E+00  1.05E-02     1.12E-02     1.20E-02     1.27E-02     1.37E-02     1.48E-02     1.57E-02     1.66E-02     1.76E-02     1.85E-02     1.98E-02     2.13E-02     2.27E-02     2.42E-02     2.57E-02     2.71E-02     2.81E-02     2.88E-02     2.93E-02     2.97E-02     
Tb           65           0.00000E+00  -1.18E-02    -1.18E-02    -1.18E-02    -1.17E-02    -1.16E-02    -1.14E-02    -1.12E-02    -1.09E-02    -1.05E-02    -1.03E-02    -1.03E-02    -1.02E-02    -1.02E-02    -1.02E-02    0.00000E+00  0.00000E+00  0.00000E+00  0.00000E+00  0.00000E+00  0.00000E+00  0.00000E+00  0.00000E+00  0.00000E+00  0.00000E+00  0.00000E+00  0.00000E+00  0.00000E+00  0.00000E+00  0.00000E+00  0.00000E+00  0.00000E+00  0.00000E+00  0.00000E+00  0.00000E+00  0.00000E+00  0.00000E+00  0.00000E+00  0.00000E+00  0.00000E+00  0.00000E+00  0.00000E+00  0.00000E+00  
Dy           66           0.00000E+00  0.00000E+00  0.00000E+00  0.00000E+00  0.00000E+00  0.00000E+00  0.00000E+00  0.00000E+00  0.00000E+00  0.00000E+00  0.00000E+00  0.00000E+00  0.00000E+00  0.00000E+00  0.00000E+00  0.00000E+00  0.00000E+00  0.00000E+00  0.00000E+00  0.00000E+00  0.00000E+00  0.00000E+00  0.00000E+00  0.00000E+00  0.00000E+00  0.00000E+00  0.00000E+00  0.00000E+00  0.00000E+00  0.00000E+00  1.09E-02     1.17E-02     1.26E-02     1.38E-02     1.51E-02     1.64E-02     1.78E-02     1.91E-02     2.04E-02     2.14E-02     2.21E-02     2.26E-02     2.29E-02     
Ho           67           0.00000E+00  0.00000E+00  0.00000E+00  0.00000E+00  0.00000E+00  0.00000E+00  0.00000E+00  0.00000E+00  0.00000E+00  0.00000E+00  0.00000E+00  0.00000E+00  0.00000E+00  0.00000E+00  0.00000E+00  0.00000E+00  0.00000E+00  0.00000E+00  0.00000E+00  0.00000E+00  0.00000E+00  0.00000E+00  0.00000E+00  0.00000E+00  0.00000E+00  0.00000E+00  0.00000E+00  0.00000E+00  0.00000E+00  0.00000E+00  0.00000E+00  0.00000E+00  0.00000E+00  0.00000E+00  0.00000E+00  0.00000E+00  0.00000E+00  0.00000E+00  0.00000E+00  0.00000E+00  0.00000E+00  0.00000E+00  0.00000E+00  
Er           68           0.00000E+00  0.00000E+00  0.00000E+00  0.00000E+00  0.00000E+00  0.00000E+00  0.00000E+00  0.00000E+00  0.00000E+00  0.00000E+00  0.00000E+00  0.00000E+00  0.00000E+00  0.00000E+00  0.00000E+00  0.00000E+00  0.00000E+00  0.00000E+00  0.00000E+00  0.00000E+00  1.01E-02     1.07E-02     1.14E-02     1.20E-02     1.29E-02     1.39E-02     1.47E-02     1.59E-02     1.71E-02     1.82E-02     1.93E-02     2.04E-02     2.16E-02     2.31E-02     2.49E-02     2.66E-02     2.84E-02     3.02E-02     3.19E-02     3.31E-02     3.39E-02     3.45E-02     3.49E-02     
Tm           69           0.00000E+00  0.00000E+00  0.00000E+00  0.00000E+00  0.00000E+00  0.00000E+00  0.00000E+00  0.00000E+00  0.00000E+00  0.00000E+00  0.00000E+00  0.00000E+00  0.00000E+00  0.00000E+00  0.00000E+00  0.00000E+00  0.00000E+00  0.00000E+00  0.00000E+00  0.00000E+00  0.00000E+00  0.00000E+00  0.00000E+00  0.00000E+00  0.00000E+00  0.00000E+00  0.00000E+00  0.00000E+00  0.00000E+00  0.00000E+00  0.00000E+00  0.00000E+00  0.00000E+00  0.00000E+00  0.00000E+00  0.00000E+00  0.00000E+00  0.00000E+00  1.07E-02     1.18E-02     1.25E-02     1.31E-02     1.35E-02     
Yb           70           0.00000E+00  0.00000E+00  0.00000E+00  0.00000E+00  0.00000E+00  0.00000E+00  0.00000E+00  0.00000E+00  0.00000E+00  0.00000E+00  0.00000E+00  0.00000E+00  1.01E-02     1.02E-02     1.04E-02     1.15E-02     1.20E-02     1.22E-02     1.23E-02     1.28E-02     1.31E-02     1.43E-02     1.58E-02     1.72E-02     1.89E-02     2.09E-02     2.27E-02     2.51E-02     2.76E-02     2.98E-02     3.21E-02     3.44E-02     3.68E-02     4.00E-02     4.36E-02     4.71E-02     5.08E-02     5.43E-02     5.78E-02     6.02E-02     6.17E-02     6.28E-02     6.36E-02     
Lu           71           0.00000E+00  0.00000E+00  0.00000E+00  0.00000E+00  0.00000E+00  0.00000E+00  0.00000E+00  0.00000E+00  0.00000E+00  0.00000E+00  0.00000E+00  0.00000E+00  0.00000E+00  0.00000E+00  0.00000E+00  0.00000E+00  0.00000E+00  0.00000E+00  0.00000E+00  0.00000E+00  0.00000E+00  0.00000E+00  0.00000E+00  0.00000E+00  0.00000E+00  0.00000E+00  0.00000E+00  0.00000E+00  0.00000E+00  0.00000E+00  0.00000E+00  0.00000E+00  0.00000E+00  1.04E-02     1.25E-02     1.46E-02     1.67E-02     1.88E-02     2.09E-02     2.24E-02     2.33E-02     2.40E-02     2.45E-02     
Hf           72           0.00000E+00  0.00000E+00  0.00000E+00  0.00000E+00  0.00000E+00  0.00000E+00  0.00000E+00  0.00000E+00  0.00000E+00  1.08E-02     1.18E-02     1.23E-02     1.26E-02     1.28E-02     1.31E-02     1.45E-02     1.52E-02     1.55E-02     1.57E-02     1.63E-02     1.68E-02     1.85E-02     2.05E-02     2.23E-02     2.47E-02     2.74E-02     2.97E-02     3.30E-02     3.63E-02     3.93E-02     4.23E-02     4.53E-02     4.84E-02     5.26E-02     5.74E-02     6.22E-02     6.70E-02     7.16E-02     7.61E-02     7.92E-02     8.12E-02     8.25E-02     8.34E-02     
Ta           73           0.00000E+00  0.00000E+00  0.00000E+00  0.00000E+00  0.00000E+00  0.00000E+00  0.00000E+00  0.00000E+00  0.00000E+00  0.00000E+00  0.00000E+00  0.00000E+00  0.00000E+00  0.00000E+00  0.00000E+00  0.00000E+00  0.00000E+00  0.00000E+00  0.00000E+00  0.00000E+00  0.00000E+00  0.00000E+00  0.00000E+00  1.03E-02     1.24E-02     1.49E-02     1.70E-02     2.00E-02     2.31E-02     2.59E-02     2.87E-02     3.15E-02     3.44E-02     3.84E-02     4.29E-02     4.74E-02     5.21E-02     5.66E-02     6.12E-02     6.44E-02     6.65E-02     6.81E-02     6.92E-02     
W            74           0.00000E+00  0.00000E+00  0.00000E+00  0.00000E+00  0.00000E+00  0.00000E+00  0.00000E+00  0.00000E+00  0.00000E+00  0.00000E+00  0.00000E+00  1.03E-02     1.06E-02     1.08E-02     1.11E-02     1.25E-02     1.33E-02     1.36E-02     1.38E-02     1.45E-02     1.49E-02     1.66E-02     1.86E-02     2.06E-02     2.30E-02     2.57E-02     2.80E-02     3.13E-02     3.46E-02     3.76E-02     4.07E-02     4.36E-02     4.68E-02     5.10E-02     5.59E-02     6.06E-02     6.55E-02     7.01E-02     7.47E-02     7.78E-02     7.97E-02     8.09E-02     8.18E-02     
Re           75           0.00000E+00  -2.34E-02    -2.34E-02    -2.34E-02    -2.33E-02    -2.29E-02    -2.22E-02    -2.14E-02    -2.06E-02    -1.96E-02    -1.91E-02    -1.89E-02    -1.87E-02    -1.87E-02    -1.86E-02    -1.79E-02    -1.76E-02    -1.75E-02    -1.74E-02    -1.71E-02    -1.69E-02    -1.62E-02    -1.53E-02    -1.45E-02    -1.34E-02    -1.22E-02    -1.11E-02    0.00000E+00  0.00000E+00  0.00000E+00  0.00000E+00  0.00000E+00  0.00000E+00  0.00000E+00  0.00000E+00  0.00000E+00  0.00000E+00  0.00000E+00  1.16E-02     1.35E-02     1.47E-02     1.55E-02     1.62E-02     
Os           76           0.00000E+00  0.00000E+00  0.00000E+00  0.00000E+00  0.00000E+00  0.00000E+00  0.00000E+00  0.00000E+00  0.00000E+00  0.00000E+00  0.00000E+00  0.00000E+00  0.00000E+00  0.00000E+00  0.00000E+00  0.00000E+00  0.00000E+00  0.00000E+00  0.00000E+00  0.00000E+00  0.00000E+00  0.00000E+00  0.00000E+00  0.00000E+00  0.00000E+00  0.00000E+00  0.00000E+00  0.00000E+00  0.00000E+00  0.00000E+00  0.00000E+00  0.00000E+00  0.00000E+00  0.00000E+00  1.10E-02     1.22E-02     1.34E-02     1.45E-02     1.57E-02     1.65E-02     1.70E-02     1.74E-02     1.76E-02     
Ir           77           0.00000E+00  -1.37E-02    -1.37E-02    -1.37E-02    -1.37E-02    -1.37E-02    -1.37E-02    -1.36E-02    -1.36E-02    -1.35E-02    -1.35E-02    -1.35E-02    -1.35E-02    -1.35E-02    -1.35E-02    -1.35E-02    -1.35E-02    -1.35E-02    -1.36E-02    -1.36E-02    -1.36E-02    -1.36E-02    -1.35E-02    -1.35E-02    -1.34E-02    -1.34E-02    -1.33E-02    -1.32E-02    -1.31E-02    -1.30E-02    -1.30E-02    -1.29E-02    -1.28E-02    -1.27E-02    -1.25E-02    -1.23E-02    -1.22E-02    -1.20E-02    -1.18E-02    -1.17E-02    -1.16E-02    -1.16E-02    -1.15E-02    
Pt           78           0.00000E+00  0.00000E+00  0.00000E+00  0.00000E+00  0.00000E+00  0.00000E+00  0.00000E+00  0.00000E+00  0.00000E+00  0.00000E+00  0.00000E+00  0.00000E+00  0.00000E+00  0.00000E+00  0.00000E+00  0.00000E+00  0.00000E+00  0.00000E+00  0.00000E+00  0.00000E+00  0.00000E+00  0.00000E+00  0.00000E+00  0.00000E+00  0.00000E+00  0.00000E+00  0.00000E+00  0.00000E+00  1.03E-02     1.07E-02     1.11E-02     1.15E-02     1.19E-02     1.25E-02     1.31E-02     1.38E-02     1.45E-02     1.52E-02     1.59E-02     1.63E-02     1.66E-02     1.68E-02     1.69E-02     
Au           79           0.00000E+00  0.00000E+00  0.00000E+00  0.00000E+00  0.00000E+00  0.00000E+00  0.00000E+00  0.00000E+00  0.00000E+00  0.00000E+00  0.00000E+00  0.00000E+00  0.00000E+00  0.00000E+00  0.00000E+00  0.00000E+00  0.00000E+00  0.00000E+00  0.00000E+00  0.00000E+00  0.00000E+00  0.00000E+00  0.00000E+00  0.00000E+00  0.00000E+00  0.00000E+00  0.00000E+00  0.00000E+00  0.00000E+00  0.00000E+00  0.00000E+00  0.00000E+00  0.00000E+00  0.00000E+00  0.00000E+00  0.00000E+00  0.00000E+00  0.00000E+00  0.00000E+00  0.00000E+00  0.00000E+00  0.00000E+00  0.00000E+00  
Hg           80           0.00000E+00  0.00000E+00  0.00000E+00  0.00000E+00  0.00000E+00  0.00000E+00  0.00000E+00  1.18E-02     1.38E-02     1.61E-02     1.72E-02     1.78E-02     1.81E-02     1.83E-02     1.87E-02     2.01E-02     2.08E-02     2.11E-02     2.14E-02     2.20E-02     2.25E-02     2.40E-02     2.60E-02     2.79E-02     3.02E-02     3.29E-02     3.51E-02     3.82E-02     4.15E-02     4.44E-02     4.74E-02     5.03E-02     5.32E-02     5.72E-02     6.19E-02     6.64E-02     7.10E-02     7.54E-02     7.96E-02     8.24E-02     8.42E-02     8.53E-02     8.61E-02     
Tl           81           0.00000E+00  0.00000E+00  0.00000E+00  0.00000E+00  0.00000E+00  0.00000E+00  0.00000E+00  0.00000E+00  0.00000E+00  0.00000E+00  0.00000E+00  1.02E-02     1.06E-02     1.08E-02     1.11E-02     1.24E-02     1.29E-02     1.33E-02     1.35E-02     1.41E-02     1.45E-02     1.57E-02     1.73E-02     1.88E-02     2.06E-02     2.27E-02     2.43E-02     2.68E-02     2.93E-02     3.17E-02     3.40E-02     3.63E-02     3.87E-02     4.19E-02     4.57E-02     4.94E-02     5.33E-02     5.72E-02     6.11E-02     6.38E-02     6.56E-02     6.68E-02     6.77E-02     
Pb           82           0.00000E+00  0.00000E+00  0.00000E+00  0.00000E+00  0.00000E+00  1.20E-02     2.76E-02     4.52E-02     6.40E-02     8.52E-02     9.75E-02     1.08E-01     1.19E-01     1.26E-01     1.39E-01     1.55E-01     1.63E-01     1.72E-01     1.84E-01     1.97E-01     2.13E-01     2.27E-01     2.39E-01     2.54E-01     2.68E-01     2.82E-01     2.95E-01     3.11E-01     3.26E-01     3.39E-01     3.52E-01     3.64E-01     3.76E-01     3.90E-01     4.05E-01     4.19E-01     4.33E-01     4.46E-01     4.57E-01     4.65E-01     4.70E-01     4.73E-01     4.75E-01     
Bi           83           0.00000E+00  0.00000E+00  0.00000E+00  0.00000E+00  0.00000E+00  0.00000E+00  0.00000E+00  1.25E-02     1.95E-02     2.83E-02     3.49E-02     4.09E-02     4.74E-02     5.22E-02     5.99E-02     6.96E-02     7.55E-02     8.25E-02     9.09E-02     1.00E-01     1.13E-01     1.25E-01     1.35E-01     1.47E-01     1.59E-01     1.71E-01     1.83E-01     1.97E-01     2.11E-01     2.23E-01     2.36E-01     2.47E-01     2.59E-01     2.73E-01     2.87E-01     3.01E-01     3.15E-01     3.28E-01     3.38E-01     3.46E-01     3.52E-01     3.55E-01     3.57E-01     
