[El/Fe]      Z            FDU          SDU          TDU_1        TDU_2        TDU_3        TDU_4        TDU_5        TDU_6        TDU_7        TDU_8        TDU_9        TDU_10       TDU_11       TDU_12       TDU_13       TDU_14       TDU_15       TDU_16       TDU_17       TDU_18       TDU_19       TDU_20       TDU_21       TDU_22       
C            6            -1.86E-01    -2.70E-01    -2.70E-01    -2.66E-01    -2.58E-01    -2.46E-01    -2.30E-01    -2.11E-01    -1.89E-01    -1.65E-01    -1.40E-01    -1.13E-01    -8.56E-02    -5.73E-02    -2.89E-02    0.00000E+00  2.72E-02     5.42E-02     7.94E-02     1.02E-01     1.20E-01     1.33E-01     1.41E-01     1.45E-01     
N            7            3.57E-01     5.68E-01     5.68E-01     5.68E-01     5.68E-01     5.68E-01     5.68E-01     5.68E-01     5.68E-01     5.68E-01     5.68E-01     5.68E-01     5.68E-01     5.68E-01     5.68E-01     5.68E-01     5.68E-01     5.68E-01     5.68E-01     5.68E-01     5.68E-01     5.68E-01     5.68E-01     5.68E-01     
O            8            0.00000E+00  -6.54E-02    -6.55E-02    -6.55E-02    -6.55E-02    -6.54E-02    -6.54E-02    -6.53E-02    -6.52E-02    -6.51E-02    -6.50E-02    -6.48E-02    -6.47E-02    -6.45E-02    -6.42E-02    -6.40E-02    -6.37E-02    -6.34E-02    -6.31E-02    -6.28E-02    -6.26E-02    -6.25E-02    -6.24E-02    -6.23E-02    
F            9            0.00000E+00  -8.02E-02    -8.02E-02    -8.01E-02    -7.98E-02    -7.95E-02    -7.91E-02    -7.87E-02    -7.83E-02    -7.78E-02    -7.73E-02    -7.68E-02    -7.63E-02    -7.58E-02    -7.53E-02    -7.49E-02    -7.44E-02    -7.39E-02    -7.35E-02    -7.31E-02    -7.27E-02    -7.25E-02    -7.23E-02    -7.22E-02    
Ne           10           0.00000E+00  -1.04E-02    -1.05E-02    -1.03E-02    -1.01E-02    0.00000E+00  0.00000E+00  0.00000E+00  0.00000E+00  0.00000E+00  0.00000E+00  0.00000E+00  0.00000E+00  0.00000E+00  0.00000E+00  0.00000E+00  0.00000E+00  0.00000E+00  0.00000E+00  0.00000E+00  0.00000E+00  0.00000E+00  0.00000E+00  0.00000E+00  
Na           11           7.31E-02     2.63E-01     2.63E-01     2.63E-01     2.63E-01     2.63E-01     2.63E-01     2.63E-01     2.63E-01     2.63E-01     2.63E-01     2.63E-01     2.63E-01     2.63E-01     2.63E-01     2.63E-01     2.63E-01     2.63E-01     2.63E-01     2.63E-01     2.64E-01     2.64E-01     2.64E-01     2.64E-01     
Mg           12           0.00000E+00  0.00000E+00  0.00000E+00  0.00000E+00  0.00000E+00  0.00000E+00  0.00000E+00  0.00000E+00  0.00000E+00  0.00000E+00  0.00000E+00  0.00000E+00  0.00000E+00  0.00000E+00  0.00000E+00  0.00000E+00  0.00000E+00  0.00000E+00  0.00000E+00  0.00000E+00  0.00000E+00  0.00000E+00  0.00000E+00  0.00000E+00  
Al           13           0.00000E+00  0.00000E+00  0.00000E+00  0.00000E+00  0.00000E+00  0.00000E+00  0.00000E+00  0.00000E+00  0.00000E+00  0.00000E+00  0.00000E+00  0.00000E+00  0.00000E+00  0.00000E+00  0.00000E+00  0.00000E+00  0.00000E+00  0.00000E+00  0.00000E+00  0.00000E+00  0.00000E+00  0.00000E+00  0.00000E+00  0.00000E+00  
Si           14           0.00000E+00  0.00000E+00  0.00000E+00  0.00000E+00  0.00000E+00  0.00000E+00  0.00000E+00  0.00000E+00  0.00000E+00  0.00000E+00  0.00000E+00  0.00000E+00  0.00000E+00  0.00000E+00  0.00000E+00  0.00000E+00  0.00000E+00  0.00000E+00  0.00000E+00  0.00000E+00  0.00000E+00  0.00000E+00  0.00000E+00  0.00000E+00  
P            15           0.00000E+00  0.00000E+00  0.00000E+00  0.00000E+00  0.00000E+00  0.00000E+00  0.00000E+00  0.00000E+00  0.00000E+00  0.00000E+00  0.00000E+00  0.00000E+00  0.00000E+00  0.00000E+00  0.00000E+00  0.00000E+00  0.00000E+00  0.00000E+00  0.00000E+00  0.00000E+00  0.00000E+00  0.00000E+00  0.00000E+00  0.00000E+00  
S            16           0.00000E+00  0.00000E+00  0.00000E+00  0.00000E+00  0.00000E+00  0.00000E+00  0.00000E+00  0.00000E+00  0.00000E+00  0.00000E+00  0.00000E+00  0.00000E+00  0.00000E+00  0.00000E+00  0.00000E+00  0.00000E+00  0.00000E+00  0.00000E+00  0.00000E+00  0.00000E+00  0.00000E+00  0.00000E+00  0.00000E+00  0.00000E+00  
Cl           17           0.00000E+00  0.00000E+00  0.00000E+00  0.00000E+00  0.00000E+00  0.00000E+00  0.00000E+00  0.00000E+00  0.00000E+00  0.00000E+00  0.00000E+00  0.00000E+00  0.00000E+00  0.00000E+00  0.00000E+00  0.00000E+00  0.00000E+00  0.00000E+00  0.00000E+00  0.00000E+00  0.00000E+00  0.00000E+00  0.00000E+00  0.00000E+00  
Ar           18           0.00000E+00  0.00000E+00  0.00000E+00  0.00000E+00  0.00000E+00  0.00000E+00  0.00000E+00  0.00000E+00  0.00000E+00  0.00000E+00  0.00000E+00  0.00000E+00  0.00000E+00  0.00000E+00  0.00000E+00  0.00000E+00  0.00000E+00  0.00000E+00  0.00000E+00  0.00000E+00  0.00000E+00  0.00000E+00  0.00000E+00  0.00000E+00  
K            19           0.00000E+00  0.00000E+00  0.00000E+00  0.00000E+00  0.00000E+00  0.00000E+00  0.00000E+00  0.00000E+00  0.00000E+00  0.00000E+00  0.00000E+00  0.00000E+00  0.00000E+00  0.00000E+00  0.00000E+00  0.00000E+00  0.00000E+00  0.00000E+00  0.00000E+00  0.00000E+00  0.00000E+00  0.00000E+00  0.00000E+00  0.00000E+00  
Ca           20           0.00000E+00  0.00000E+00  0.00000E+00  0.00000E+00  0.00000E+00  0.00000E+00  0.00000E+00  0.00000E+00  0.00000E+00  0.00000E+00  0.00000E+00  0.00000E+00  0.00000E+00  0.00000E+00  0.00000E+00  0.00000E+00  0.00000E+00  0.00000E+00  0.00000E+00  0.00000E+00  0.00000E+00  0.00000E+00  0.00000E+00  0.00000E+00  
Sc           21           0.00000E+00  0.00000E+00  0.00000E+00  0.00000E+00  0.00000E+00  0.00000E+00  0.00000E+00  0.00000E+00  0.00000E+00  0.00000E+00  0.00000E+00  0.00000E+00  0.00000E+00  0.00000E+00  0.00000E+00  0.00000E+00  0.00000E+00  1.05E-02     1.20E-02     1.34E-02     1.47E-02     1.56E-02     1.62E-02     1.65E-02     
Ti           22           0.00000E+00  0.00000E+00  0.00000E+00  0.00000E+00  0.00000E+00  0.00000E+00  0.00000E+00  0.00000E+00  0.00000E+00  0.00000E+00  0.00000E+00  0.00000E+00  0.00000E+00  0.00000E+00  0.00000E+00  0.00000E+00  0.00000E+00  0.00000E+00  0.00000E+00  0.00000E+00  0.00000E+00  0.00000E+00  0.00000E+00  0.00000E+00  
V            23           0.00000E+00  0.00000E+00  0.00000E+00  0.00000E+00  0.00000E+00  0.00000E+00  0.00000E+00  0.00000E+00  0.00000E+00  0.00000E+00  0.00000E+00  0.00000E+00  0.00000E+00  0.00000E+00  0.00000E+00  0.00000E+00  0.00000E+00  0.00000E+00  0.00000E+00  0.00000E+00  0.00000E+00  0.00000E+00  0.00000E+00  0.00000E+00  
Cr           24           0.00000E+00  0.00000E+00  0.00000E+00  0.00000E+00  0.00000E+00  0.00000E+00  0.00000E+00  0.00000E+00  0.00000E+00  0.00000E+00  0.00000E+00  0.00000E+00  0.00000E+00  0.00000E+00  0.00000E+00  0.00000E+00  0.00000E+00  0.00000E+00  0.00000E+00  0.00000E+00  0.00000E+00  0.00000E+00  0.00000E+00  0.00000E+00  
Mn           25           0.00000E+00  0.00000E+00  0.00000E+00  0.00000E+00  0.00000E+00  0.00000E+00  0.00000E+00  0.00000E+00  0.00000E+00  0.00000E+00  0.00000E+00  0.00000E+00  0.00000E+00  0.00000E+00  0.00000E+00  0.00000E+00  0.00000E+00  0.00000E+00  0.00000E+00  0.00000E+00  0.00000E+00  0.00000E+00  0.00000E+00  0.00000E+00  
Fe           26           0.00E+00     0.00E+00     0.00E+00     0.00E+00     0.00E+00     0.00E+00     0.00E+00     0.00E+00     0.00E+00     0.00E+00     0.00E+00     0.00E+00     0.00E+00     0.00E+00     0.00E+00     0.00E+00     0.00E+00     0.00E+00     0.00E+00     0.00E+00     0.00E+00     0.00E+00     0.00E+00     0.00E+00     
Co           27           0.00000E+00  0.00000E+00  0.00000E+00  0.00000E+00  0.00000E+00  0.00000E+00  0.00000E+00  0.00000E+00  0.00000E+00  0.00000E+00  0.00000E+00  0.00000E+00  0.00000E+00  1.07E-02     1.32E-02     1.61E-02     1.92E-02     2.25E-02     2.58E-02     2.89E-02     3.16E-02     3.37E-02     3.49E-02     3.56E-02     
Ni           28           0.00000E+00  0.00000E+00  0.00000E+00  0.00000E+00  0.00000E+00  0.00000E+00  0.00000E+00  0.00000E+00  0.00000E+00  0.00000E+00  0.00000E+00  0.00000E+00  0.00000E+00  0.00000E+00  0.00000E+00  0.00000E+00  0.00000E+00  0.00000E+00  0.00000E+00  0.00000E+00  0.00000E+00  0.00000E+00  0.00000E+00  0.00000E+00  
Cu           29           0.00000E+00  0.00000E+00  0.00000E+00  0.00000E+00  0.00000E+00  0.00000E+00  0.00000E+00  0.00000E+00  0.00000E+00  0.00000E+00  0.00000E+00  0.00000E+00  1.09E-02     1.40E-02     1.78E-02     2.22E-02     2.72E-02     3.25E-02     3.81E-02     4.34E-02     4.81E-02     5.15E-02     5.35E-02     5.45E-02     
Zn           30           0.00000E+00  0.00000E+00  0.00000E+00  0.00000E+00  0.00000E+00  0.00000E+00  0.00000E+00  0.00000E+00  0.00000E+00  0.00000E+00  0.00000E+00  0.00000E+00  0.00000E+00  0.00000E+00  0.00000E+00  0.00000E+00  0.00000E+00  0.00000E+00  0.00000E+00  0.00000E+00  0.00000E+00  0.00000E+00  0.00000E+00  0.00000E+00  
Ga           31           0.00000E+00  0.00000E+00  0.00000E+00  0.00000E+00  0.00000E+00  0.00000E+00  0.00000E+00  0.00000E+00  0.00000E+00  0.00000E+00  0.00000E+00  0.00000E+00  0.00000E+00  0.00000E+00  0.00000E+00  1.11E-02     1.36E-02     1.65E-02     1.96E-02     2.27E-02     2.55E-02     2.76E-02     2.88E-02     2.95E-02     
Ge           32           0.00000E+00  0.00000E+00  0.00000E+00  0.00000E+00  0.00000E+00  0.00000E+00  0.00000E+00  0.00000E+00  0.00000E+00  0.00000E+00  0.00000E+00  0.00000E+00  0.00000E+00  0.00000E+00  0.00000E+00  0.00000E+00  1.19E-02     1.48E-02     1.80E-02     2.12E-02     2.41E-02     2.63E-02     2.76E-02     2.82E-02     
As           33           0.00000E+00  0.00000E+00  0.00000E+00  0.00000E+00  0.00000E+00  0.00000E+00  0.00000E+00  0.00000E+00  0.00000E+00  0.00000E+00  0.00000E+00  0.00000E+00  0.00000E+00  0.00000E+00  0.00000E+00  0.00000E+00  0.00000E+00  0.00000E+00  1.23E-02     1.48E-02     1.70E-02     1.87E-02     1.97E-02     2.02E-02     
Se           34           0.00000E+00  0.00000E+00  0.00000E+00  0.00000E+00  0.00000E+00  0.00000E+00  0.00000E+00  0.00000E+00  0.00000E+00  0.00000E+00  0.00000E+00  0.00000E+00  0.00000E+00  0.00000E+00  0.00000E+00  0.00000E+00  1.15E-02     1.41E-02     1.70E-02     1.99E-02     2.25E-02     2.45E-02     2.57E-02     2.63E-02     
Br           35           0.00000E+00  0.00000E+00  0.00000E+00  0.00000E+00  0.00000E+00  0.00000E+00  0.00000E+00  0.00000E+00  0.00000E+00  0.00000E+00  0.00000E+00  0.00000E+00  0.00000E+00  0.00000E+00  0.00000E+00  0.00000E+00  0.00000E+00  0.00000E+00  0.00000E+00  0.00000E+00  0.00000E+00  0.00000E+00  0.00000E+00  0.00000E+00  
Kr           36           0.00000E+00  0.00000E+00  0.00000E+00  0.00000E+00  0.00000E+00  0.00000E+00  0.00000E+00  0.00000E+00  0.00000E+00  0.00000E+00  0.00000E+00  1.03E-02     1.19E-02     1.38E-02     1.58E-02     1.80E-02     2.05E-02     2.33E-02     2.63E-02     2.93E-02     3.20E-02     3.40E-02     3.51E-02     3.57E-02     
Rb           37           0.00000E+00  0.00000E+00  0.00000E+00  0.00000E+00  0.00000E+00  0.00000E+00  0.00000E+00  0.00000E+00  0.00000E+00  1.31E-02     1.68E-02     2.08E-02     2.52E-02     3.01E-02     3.54E-02     4.13E-02     4.79E-02     5.51E-02     6.28E-02     7.04E-02     7.71E-02     8.21E-02     8.52E-02     8.68E-02     
Sr           38           0.00000E+00  0.00000E+00  0.00000E+00  0.00000E+00  0.00000E+00  0.00000E+00  0.00000E+00  1.19E-02     1.54E-02     1.91E-02     2.27E-02     2.64E-02     3.01E-02     3.39E-02     3.76E-02     4.13E-02     4.51E-02     4.88E-02     5.25E-02     5.59E-02     5.88E-02     6.09E-02     6.21E-02     6.27E-02     
Y            39           0.00000E+00  0.00000E+00  0.00000E+00  0.00000E+00  0.00000E+00  0.00000E+00  0.00000E+00  1.27E-02     1.72E-02     2.19E-02     2.67E-02     3.17E-02     3.68E-02     4.19E-02     4.70E-02     5.19E-02     5.70E-02     6.17E-02     6.62E-02     7.03E-02     7.36E-02     7.60E-02     7.74E-02     7.81E-02     
Zr           40           0.00000E+00  0.00000E+00  0.00000E+00  0.00000E+00  0.00000E+00  0.00000E+00  0.00000E+00  1.31E-02     1.75E-02     2.22E-02     2.70E-02     3.20E-02     3.73E-02     4.25E-02     4.76E-02     5.26E-02     5.76E-02     6.22E-02     6.64E-02     7.02E-02     7.32E-02     7.53E-02     7.64E-02     7.70E-02     
Nb           41           0.00000E+00  0.00000E+00  0.00000E+00  0.00000E+00  0.00000E+00  0.00000E+00  0.00000E+00  0.00000E+00  0.00000E+00  0.00000E+00  0.00000E+00  0.00000E+00  0.00000E+00  0.00000E+00  0.00000E+00  0.00000E+00  0.00000E+00  0.00000E+00  0.00000E+00  0.00000E+00  0.00000E+00  0.00000E+00  0.00000E+00  0.00000E+00  
Mo           42           0.00000E+00  0.00000E+00  0.00000E+00  0.00000E+00  0.00000E+00  0.00000E+00  0.00000E+00  0.00000E+00  1.17E-02     1.44E-02     1.73E-02     2.04E-02     2.36E-02     2.70E-02     3.04E-02     3.39E-02     3.73E-02     4.05E-02     4.35E-02     4.62E-02     4.83E-02     4.97E-02     5.05E-02     5.08E-02     
Tc           43           \N           \N           \N           \N           \N           \N           \N           \N           \N           \N           \N           \N           \N           \N           \N           \N           \N           \N           \N           \N           \N           \N           \N           \N           
Ru           44           0.00000E+00  0.00000E+00  0.00000E+00  0.00000E+00  0.00000E+00  0.00000E+00  0.00000E+00  0.00000E+00  0.00000E+00  0.00000E+00  1.16E-02     1.36E-02     1.58E-02     1.80E-02     2.03E-02     2.27E-02     2.51E-02     2.73E-02     2.95E-02     3.14E-02     3.29E-02     3.39E-02     3.45E-02     3.47E-02     
Rh           45           0.00000E+00  0.00000E+00  0.00000E+00  0.00000E+00  0.00000E+00  0.00000E+00  0.00000E+00  0.00000E+00  0.00000E+00  0.00000E+00  0.00000E+00  0.00000E+00  0.00000E+00  0.00000E+00  0.00000E+00  0.00000E+00  0.00000E+00  0.00000E+00  0.00000E+00  0.00000E+00  0.00000E+00  1.04E-02     1.07E-02     1.08E-02     
Pd           46           0.00000E+00  0.00000E+00  0.00000E+00  0.00000E+00  0.00000E+00  0.00000E+00  0.00000E+00  1.08E-02     1.36E-02     1.64E-02     1.92E-02     2.20E-02     2.49E-02     2.78E-02     3.07E-02     3.35E-02     3.64E-02     3.91E-02     4.16E-02     4.39E-02     4.57E-02     4.69E-02     4.75E-02     4.78E-02     
Ag           47           0.00000E+00  0.00000E+00  0.00000E+00  0.00000E+00  0.00000E+00  0.00000E+00  0.00000E+00  0.00000E+00  0.00000E+00  0.00000E+00  0.00000E+00  0.00000E+00  0.00000E+00  0.00000E+00  0.00000E+00  0.00000E+00  0.00000E+00  0.00000E+00  0.00000E+00  0.00000E+00  0.00000E+00  0.00000E+00  0.00000E+00  0.00000E+00  
Cd           48           0.00000E+00  0.00000E+00  0.00000E+00  0.00000E+00  0.00000E+00  0.00000E+00  1.03E-02     1.40E-02     1.79E-02     2.17E-02     2.56E-02     2.95E-02     3.36E-02     3.76E-02     4.15E-02     4.53E-02     4.90E-02     5.24E-02     5.56E-02     5.83E-02     6.05E-02     6.19E-02     6.27E-02     6.32E-02     
In           49           0.00000E+00  0.00000E+00  0.00000E+00  0.00000E+00  0.00000E+00  0.00000E+00  0.00000E+00  0.00000E+00  0.00000E+00  0.00000E+00  1.25E-02     1.50E-02     1.76E-02     2.01E-02     2.26E-02     2.50E-02     2.73E-02     2.95E-02     3.15E-02     3.33E-02     3.47E-02     3.56E-02     3.62E-02     3.65E-02     
Sn           50           0.00000E+00  0.00000E+00  0.00000E+00  0.00000E+00  0.00000E+00  0.00000E+00  1.04E-02     1.51E-02     2.00E-02     2.49E-02     3.00E-02     3.51E-02     4.04E-02     4.57E-02     5.08E-02     5.59E-02     6.07E-02     6.53E-02     6.95E-02     7.31E-02     7.59E-02     7.78E-02     7.88E-02     7.93E-02     
Sb           51           0.00000E+00  0.00000E+00  0.00000E+00  0.00000E+00  0.00000E+00  0.00000E+00  0.00000E+00  0.00000E+00  0.00000E+00  0.00000E+00  1.04E-02     1.31E-02     1.60E-02     1.88E-02     2.18E-02     2.46E-02     2.75E-02     3.01E-02     3.26E-02     3.48E-02     3.66E-02     3.78E-02     3.85E-02     3.89E-02     
Te           52           0.00000E+00  0.00000E+00  0.00000E+00  0.00000E+00  0.00000E+00  0.00000E+00  0.00000E+00  0.00000E+00  0.00000E+00  0.00000E+00  0.00000E+00  1.02E-02     1.17E-02     1.33E-02     1.48E-02     1.63E-02     1.78E-02     1.91E-02     2.04E-02     2.15E-02     2.23E-02     2.29E-02     2.31E-02     2.33E-02     
I            53           0.00000E+00  0.00000E+00  0.00000E+00  0.00000E+00  0.00000E+00  0.00000E+00  0.00000E+00  0.00000E+00  0.00000E+00  0.00000E+00  0.00000E+00  0.00000E+00  0.00000E+00  0.00000E+00  0.00000E+00  0.00000E+00  0.00000E+00  0.00000E+00  0.00000E+00  0.00000E+00  0.00000E+00  0.00000E+00  0.00000E+00  0.00000E+00  
Xe           54           0.00000E+00  0.00000E+00  0.00000E+00  0.00000E+00  0.00000E+00  0.00000E+00  0.00000E+00  0.00000E+00  0.00000E+00  0.00000E+00  1.15E-02     1.33E-02     1.52E-02     1.70E-02     1.88E-02     2.07E-02     2.24E-02     2.41E-02     2.57E-02     2.71E-02     2.82E-02     2.89E-02     2.92E-02     2.94E-02     
Cs           55           0.00000E+00  0.00000E+00  0.00000E+00  0.00000E+00  0.00000E+00  0.00000E+00  0.00000E+00  0.00000E+00  0.00000E+00  1.15E-02     1.47E-02     1.80E-02     2.14E-02     2.48E-02     2.81E-02     3.13E-02     3.44E-02     3.74E-02     4.01E-02     4.24E-02     4.43E-02     4.57E-02     4.64E-02     4.69E-02     
Ba           56           0.00000E+00  0.00000E+00  0.00000E+00  0.00000E+00  0.00000E+00  1.90E-02     3.14E-02     4.51E-02     5.89E-02     7.27E-02     8.60E-02     9.94E-02     1.12E-01     1.25E-01     1.36E-01     1.47E-01     1.57E-01     1.67E-01     1.75E-01     1.82E-01     1.87E-01     1.91E-01     1.93E-01     1.94E-01     
La           57           0.00000E+00  0.00000E+00  0.00000E+00  0.00000E+00  0.00000E+00  1.90E-02     3.20E-02     4.63E-02     6.08E-02     7.53E-02     8.94E-02     1.04E-01     1.17E-01     1.30E-01     1.43E-01     1.54E-01     1.64E-01     1.74E-01     1.83E-01     1.90E-01     1.96E-01     1.99E-01     2.01E-01     2.02E-01     
Ce           58           0.00000E+00  0.00000E+00  0.00000E+00  0.00000E+00  0.00000E+00  2.14E-02     3.62E-02     5.24E-02     6.90E-02     8.55E-02     1.01E-01     1.18E-01     1.33E-01     1.48E-01     1.61E-01     1.74E-01     1.85E-01     1.97E-01     2.06E-01     2.14E-01     2.20E-01     2.24E-01     2.26E-01     2.27E-01     
Pr           59           0.00000E+00  0.00000E+00  0.00000E+00  0.00000E+00  0.00000E+00  1.19E-02     2.20E-02     3.37E-02     4.60E-02     5.85E-02     7.08E-02     8.32E-02     9.52E-02     1.07E-01     1.17E-01     1.27E-01     1.36E-01     1.45E-01     1.53E-01     1.59E-01     1.63E-01     1.67E-01     1.68E-01     1.69E-01     
Nd           60           0.00000E+00  0.00000E+00  0.00000E+00  0.00000E+00  0.00000E+00  1.74E-02     2.97E-02     4.34E-02     5.72E-02     7.08E-02     8.39E-02     9.68E-02     1.09E-01     1.21E-01     1.32E-01     1.42E-01     1.52E-01     1.61E-01     1.69E-01     1.76E-01     1.81E-01     1.84E-01     1.86E-01     1.87E-01     
Pm           61           \N           \N           \N           \N           \N           \N           \N           \N           \N           \N           \N           \N           \N           \N           \N           \N           \N           \N           \N           \N           \N           \N           \N           \N           
Sm           62           0.00000E+00  0.00000E+00  0.00000E+00  0.00000E+00  0.00000E+00  0.00000E+00  1.52E-02     2.33E-02     3.18E-02     4.07E-02     4.96E-02     5.87E-02     6.77E-02     7.65E-02     8.51E-02     9.31E-02     1.01E-01     1.08E-01     1.15E-01     1.20E-01     1.24E-01     1.27E-01     1.28E-01     1.29E-01     
Eu           63           0.00000E+00  -1.21E-02    -1.21E-02    -1.19E-02    -1.12E-02    -1.01E-02    0.00000E+00  0.00000E+00  0.00000E+00  0.00000E+00  0.00000E+00  0.00000E+00  0.00000E+00  0.00000E+00  0.00000E+00  1.01E-02     1.21E-02     1.40E-02     1.59E-02     1.74E-02     1.85E-02     1.93E-02     1.97E-02     1.99E-02     
Gd           64           0.00000E+00  0.00000E+00  0.00000E+00  0.00000E+00  0.00000E+00  0.00000E+00  1.18E-02     1.61E-02     2.08E-02     2.58E-02     3.11E-02     3.66E-02     4.22E-02     4.77E-02     5.32E-02     5.83E-02     6.32E-02     6.80E-02     7.24E-02     7.60E-02     7.87E-02     8.05E-02     8.14E-02     8.19E-02     
Tb           65           0.00000E+00  0.00000E+00  0.00000E+00  0.00000E+00  0.00000E+00  0.00000E+00  0.00000E+00  0.00000E+00  0.00000E+00  0.00000E+00  0.00000E+00  1.12E-02     1.45E-02     1.78E-02     2.11E-02     2.42E-02     2.72E-02     3.01E-02     3.28E-02     3.51E-02     3.68E-02     3.79E-02     3.85E-02     3.88E-02     
Dy           66           0.00000E+00  0.00000E+00  0.00000E+00  0.00000E+00  0.00000E+00  0.00000E+00  0.00000E+00  1.18E-02     1.59E-02     2.04E-02     2.51E-02     3.01E-02     3.52E-02     4.02E-02     4.52E-02     5.00E-02     5.46E-02     5.90E-02     6.31E-02     6.66E-02     6.91E-02     7.09E-02     7.19E-02     7.24E-02     
Ho           67           0.00000E+00  0.00000E+00  0.00000E+00  0.00000E+00  0.00000E+00  0.00000E+00  0.00000E+00  0.00000E+00  0.00000E+00  0.00000E+00  0.00000E+00  1.24E-02     1.53E-02     1.81E-02     2.07E-02     2.32E-02     2.55E-02     2.77E-02     2.96E-02     3.10E-02     3.18E-02     3.20E-02     3.19E-02     3.16E-02     
Er           68           0.00000E+00  0.00000E+00  0.00000E+00  0.00000E+00  0.00000E+00  0.00000E+00  1.37E-02     1.85E-02     2.36E-02     2.91E-02     3.48E-02     4.10E-02     4.72E-02     5.35E-02     5.98E-02     6.57E-02     7.14E-02     7.70E-02     8.20E-02     8.62E-02     8.92E-02     9.12E-02     9.23E-02     9.28E-02     
Tm           69           0.00000E+00  0.00000E+00  0.00000E+00  0.00000E+00  0.00000E+00  0.00000E+00  0.00000E+00  0.00000E+00  0.00000E+00  1.12E-02     1.50E-02     1.91E-02     2.34E-02     2.76E-02     3.19E-02     3.61E-02     4.01E-02     4.40E-02     4.77E-02     5.08E-02     5.33E-02     5.50E-02     5.60E-02     5.66E-02     
Yb           70           0.00000E+00  0.00000E+00  0.00000E+00  0.00000E+00  0.00000E+00  1.49E-02     2.40E-02     3.42E-02     4.47E-02     5.57E-02     6.68E-02     7.83E-02     9.00E-02     1.02E-01     1.13E-01     1.24E-01     1.34E-01     1.44E-01     1.54E-01     1.61E-01     1.67E-01     1.70E-01     1.72E-01     1.73E-01     
Lu           71           0.00000E+00  0.00000E+00  0.00000E+00  0.00000E+00  0.00000E+00  0.00000E+00  0.00000E+00  1.19E-02     1.80E-02     2.43E-02     3.07E-02     3.73E-02     4.40E-02     5.07E-02     5.75E-02     6.40E-02     7.03E-02     7.66E-02     8.22E-02     8.70E-02     9.06E-02     9.29E-02     9.42E-02     9.49E-02     
Hf           72           0.00000E+00  0.00000E+00  0.00000E+00  0.00000E+00  0.00000E+00  1.97E-02     3.26E-02     4.68E-02     6.13E-02     7.62E-02     9.09E-02     1.06E-01     1.21E-01     1.35E-01     1.49E-01     1.62E-01     1.75E-01     1.88E-01     1.99E-01     2.08E-01     2.15E-01     2.19E-01     2.21E-01     2.22E-01     
Ta           73           0.00000E+00  0.00000E+00  0.00000E+00  0.00000E+00  0.00000E+00  1.02E-02     2.16E-02     3.43E-02     4.73E-02     6.06E-02     7.38E-02     8.73E-02     1.01E-01     1.14E-01     1.26E-01     1.39E-01     1.50E-01     1.62E-01     1.72E-01     1.81E-01     1.88E-01     1.92E-01     1.94E-01     1.96E-01     
W            74           0.00000E+00  0.00000E+00  0.00000E+00  0.00000E+00  0.00000E+00  1.96E-02     3.41E-02     4.98E-02     6.54E-02     8.09E-02     9.60E-02     1.11E-01     1.26E-01     1.41E-01     1.54E-01     1.67E-01     1.80E-01     1.92E-01     2.03E-01     2.12E-01     2.19E-01     2.23E-01     2.25E-01     2.26E-01     
Re           75           0.00000E+00  -1.79E-02    -1.79E-02    -1.75E-02    -1.55E-02    -1.13E-02    0.00000E+00  0.00000E+00  0.00000E+00  1.49E-02     2.18E-02     2.89E-02     3.60E-02     4.29E-02     4.98E-02     5.64E-02     6.28E-02     6.92E-02     7.52E-02     8.04E-02     8.44E-02     8.71E-02     8.88E-02     8.96E-02     
Os           76           0.00000E+00  0.00000E+00  0.00000E+00  0.00000E+00  0.00000E+00  0.00000E+00  0.00000E+00  0.00000E+00  1.34E-02     1.72E-02     2.10E-02     2.50E-02     2.90E-02     3.29E-02     3.68E-02     4.06E-02     4.42E-02     4.78E-02     5.11E-02     5.39E-02     5.60E-02     5.74E-02     5.81E-02     5.85E-02     
Ir           77           0.00000E+00  0.00000E+00  0.00000E+00  0.00000E+00  0.00000E+00  0.00000E+00  0.00000E+00  0.00000E+00  0.00000E+00  0.00000E+00  0.00000E+00  0.00000E+00  0.00000E+00  0.00000E+00  0.00000E+00  0.00000E+00  0.00000E+00  0.00000E+00  0.00000E+00  0.00000E+00  0.00000E+00  0.00000E+00  0.00000E+00  0.00000E+00  
Pt           78           0.00000E+00  0.00000E+00  0.00000E+00  0.00000E+00  0.00000E+00  0.00000E+00  0.00000E+00  0.00000E+00  1.19E-02     1.40E-02     1.62E-02     1.85E-02     2.09E-02     2.33E-02     2.57E-02     2.81E-02     3.03E-02     3.26E-02     3.46E-02     3.64E-02     3.77E-02     3.85E-02     3.90E-02     3.92E-02     
Au           79           0.00000E+00  0.00000E+00  0.00000E+00  0.00000E+00  0.00000E+00  0.00000E+00  0.00000E+00  0.00000E+00  0.00000E+00  0.00000E+00  0.00000E+00  0.00000E+00  1.18E-02     1.39E-02     1.61E-02     1.81E-02     2.01E-02     2.22E-02     2.40E-02     2.55E-02     2.67E-02     2.74E-02     2.78E-02     2.80E-02     
Hg           80           0.00000E+00  0.00000E+00  0.00000E+00  0.00000E+00  1.26E-02     2.34E-02     3.76E-02     5.36E-02     6.99E-02     8.61E-02     1.02E-01     1.17E-01     1.32E-01     1.46E-01     1.60E-01     1.72E-01     1.84E-01     1.96E-01     2.06E-01     2.15E-01     2.21E-01     2.25E-01     2.27E-01     2.28E-01     
Tl           81           0.00000E+00  0.00000E+00  0.00000E+00  0.00000E+00  0.00000E+00  1.98E-02     3.42E-02     5.02E-02     6.67E-02     8.34E-02     9.95E-02     1.15E-01     1.31E-01     1.45E-01     1.58E-01     1.71E-01     1.83E-01     1.94E-01     2.04E-01     2.13E-01     2.20E-01     2.24E-01     2.26E-01     2.28E-01     
Pb           82           0.00000E+00  0.00000E+00  0.00000E+00  0.00000E+00  0.00000E+00  2.10E-02     4.14E-02     6.67E-02     9.43E-02     1.23E-01     1.53E-01     1.83E-01     2.12E-01     2.39E-01     2.66E-01     2.90E-01     3.13E-01     3.35E-01     3.54E-01     3.69E-01     3.81E-01     3.88E-01     3.92E-01     3.94E-01     
Bi           83           0.00000E+00  0.00000E+00  0.00000E+00  0.00000E+00  0.00000E+00  0.00000E+00  0.00000E+00  0.00000E+00  1.45E-02     2.21E-02     3.13E-02     4.21E-02     5.41E-02     6.71E-02     8.08E-02     9.49E-02     1.09E-01     1.23E-01     1.36E-01     1.46E-01     1.55E-01     1.60E-01     1.63E-01     1.64E-01     
