name		err_Na	err_Mg    err_Al     err_Si    err_Ca    err_Ti     err_Cr    err_Ni    err_Y     err_Zr      xLa      err_Ce     err_Nd
BD-083194   ---	    0.17   0.15    0.16   0.12   0.11   0.10   0.12	0.16   0.14    0.20     0.12    0.21
BD-094337   ---	    0.17   0.11    0.24   0.05   0.08    ---       0.07  ---    0.18    ---         0.12    0.26
BD-142678   ---	    0.18   0.24    0.09   0.12   0.15   0.05   0.07  0.09   0.15    0.07     0.05    0.17
CD-272233   0.15	0.14   0.10    0.14   0.06   0.17   0.09   0.11  0.17   0.16    0.14     0.13    0.11
CD-298822   ---	    0.23   0.18    0.13   0.17   0.14   0.08   0.10  0.10   0.14    0.22     0.09    0.07
CD-308774   ---     0.21   0.18    0.13   0.11   0.04   0.06   0.15  0.21   0.12    0.20     0.11    0.10
CD-38585    0.11	0.18   0.10    0.04   0.09   0.10   0.11   0.09  0.23   0.13    0.06     0.09    0.16
CD-422048   --- 	0.05   0.08    0.16   0.21   0.20   ---       0.17  0.18   0.12    0.39     0.17    0.15
CD-538144   0.14	0.11   0.15    0.13   0.16   0.16   0.06   0.07  0.05   0.14    0.16     0.18    0.10
CD-611941   0.15	0.16   0.17    0.17   0.06   0.16   0.0694)   0.08  0.14   0.05     0.19     0.16    0.12
CPD-621013  --- 	0.26   0.39    0.10   0.10  0.06   0.32   0.08	0.19   0.14     0.12     0.06    0.13
CPD-644333  --- 	0.03   0.14    0.18   0.25   0.10   0.23   0.17  0.20   0.14    0.15     0.23    0.14
HD4084      0.14	0.12   0.07    0.08   0.15   0.09   0.15   0.08  0.18   0.16    0.09     0.09    0.12
HD5424      0.09	0.19   0.11    0.12   0.10   0.13   0.17   0.15  0.10   0.08    0.27     0.17    0.16
HD5825      0.10	0.12   0.08    0.08   0.15  0.09   0.17   0.08  0.10   0.13    0.18     0.14    0.11
HD15589     0.07	0.19   0.12    0.12   0.14   0.10   0.11   0.12  0.23   0.11    0.04     0.17    0.16
HD20394     0.12	0.13   0.13    0.13   0.17  0.09   0.39   0.07  0.10   0.04     0.19     0.09    0.13
HD21989     ---  0.20   0.12    0.1395)   0.11   0.07   0.02   0.13  0.15   0.06     0.14     0.06    0.12
HD22285     0.11 0.16   0.07    0.14   0.20  0.13   0.09   0.14  0.16   0.13    0.17     0.08    0.11
HD22772     0.21 0.12   0.03    0.13   0.17   0.11   0.06   0.11  0.08   0.16    0.12     0.14    0.15
HD24035     0.20 0.13   0.12    0.19   0.27   0.20   0.18   0.16	0.15   0.18     0.09     0.12    0.11
HD29370     0.14 0.20   0.14    0.18   0.09   0.16   0.08   0.16  0.06   0.18    0.18     0.18    0.14
HD29685     ---  0.20   0.10    0.10   0.16  0.08   0.08   0.13  0.09   0.16    0.11     0.11    0.14
HD30240     ---  0.21   0.22    0.08   0.15   0.06   0.10   0.11  0.06   0.13    0.07     0.17    0.12
HD30554     ---  0.16   0.12    0.10   0.14  0.08   0.05   0.10  0.09   0.15    0.08     0.16    0.12
HD32712     0.16 0.14   0.10    0.12   0.17  0.11   0.10   0.12  0.19   0.14    0.31     0.15    0.17
HD32901     0.03 0.13   0.12    0.07   0.15  0.11   0.06   0.12  0.17   0.17    0.21     0.12    0.12
HD35993     ---  0.18   0.11    0.15   0.11   0.12   0.07   0.11  0.12   0.14    0.22     0.14    0.11
HD36650     0.13 0.15   0.06    0.11   0.13  0.14   0.04   0.10  0.09   0.15    0.11     0.10    0.15
HD38488     ---     0.11   0.12    0.17   ---       0.09   ---    0.15  0.26   0.15    0.09     0.20    0.09
HD40430    	0.15 0.20  0.17    0.12   0.15  0.10   0.06   0.09	0.07   0.08     0.10     0.15    0.13
HD43389     ---  0.17   ---     0.17   0.16   0.03    ---       0.16  0.31   0.11    0.26     0.11    0.19
HD49641     ---  0.25   0.07    0.15   0.12   0.12   0.03   0.14  0.10   0.12    0.16     0.12    0.16
HD51959     ---  0.19   0.08    0.15   0.08   0.13   0.07   0.10  0.16   0.11    0.08     0.11    0.12
HD58368     ---  0.11   0.34    0.13   0.13   0.05   0.10   0.15  0.06   0.15    0.09     0.08    0.10
HD59852    	0.14 0.18  0.19    0.07   0.14  0.07   0.03   0.12  0.11   0.00     0.08     0.10    0.11
HD61332     ---  0.20   0.19    0.16   0.14   0.13   0.04   0.17  0.08   0.12    0.14     0.12    0.15
HD64425     ---  0.09   0.14    0.13   ---    0.13   0.06   0.15  0.05   0.14    0.03     0.15    0.20
HD66291     ---  0.18   0.14    0.19   0.28   0.16   ---    0.10  0.05   0.20    0.11     0.10    0.17
HD67036     ---  0.14   0.13    0.10   0.05   0.14   0.03   0.12  0.11   0.14    ---      0.11    0.12
HD71458    	---  0.19   0.11    0.11   0.15   0.10   0.07   0.13	0.09   0.14    0.16     0.06    0.12
HD74950    	---  0.20   0.15    0.16   0.04   0.12   0.08   0.14  0.41   0.17    0.30     0.19    0.71
HD82221    	---  0.18   0.18    0.20   0.18   0.20   0.09   0.10  0.21   0.11     0.29     0.13    0.14
HD83548    	---  0.21   0.16    0.11   0.16   0.12   0.12   0.12  0.15   0.13     0.10     0.11    0.11
HD84610    	---  0.16   0.07    0.12   0.14   0.17   0.03   0.06  0.06   0.15    0.14     0.18    0.13
HD84678    	---  0.10   0.16    0.25   ---    0.16    ---       0.15  0.25   0.16    ---      0.12    0.08
HD88035    	---  0.16   0.08    0.15   0.17   0.13   0.14   0.14  0.05   0.05     0.11     0.13    0.12
HD88562    	---  0.22   0.12    0.14   0.16   0.14   0.15   0.15  0.22   0.16     0.28     0.17    0.14
HD89175    	0.19 0.21   0.09    0.11   0.14  0.14   0.10   0.14  0.10   0.17    0.09     0.12    0.17
HD91208    	---  0.19   0.32    0.08   0.10   0.09   0.07   0.11  0.08   0.11    0.16     0.21    0.12
HD91979    	---  0.20   0.19    0.08   0.13  0.10   0.06   0.14  0.07   0.12    0.20     0.13    0.12
HD92626    	0.22 0.11   0.22    0.28   0.20   0.13   ---    0.21  0.15   0.16    ---      0.14    0.15
HD105902   	0.25 0.24   0.17    0.15   0.20   0.22   ---    0.11  0.20   0.11    0.17     0.16    0.15
HD107264   	---  0.17   0.16    0.15   0.16   0.18   ---    0.12  0.28   0.15    0.10     0.11    0.19
HD107541   	0.01 0.23   ---     ---    0.12  0.17   0.10   0.11  0.07   0.24    0.10     0.20    0.13
HD110483    ---  0.16   0.08    0.13   0.19   0.18   0.11   0.15  0.08   0.13    0.08     0.13    0.19
HD110591   	0.17 0.19   0.07    0.14   0.14  0.06   0.02   0.10  0.21   0.15     0.10     0.13    0.16
HD111315    ---  0.18   0.12    0.11   0.18   0.11   0.03   0.10  0.06   0.16    0.10     0.15    0.46
HD113291    ---  0.18   0.10    0.14   0.08   0.12   0.13   0.15  0.14   0.13    0.17     0.11    0.14
HD116869   	0.14 0.19  0.19    0.12   0.13  0.12   0.08   0.10  0.22   0.15    0.15     0.10    0.11
HD119185   	0.14 0.15   0.09    0.04   0.09   0.12   0.09   0.10	0.07   0.12     0.06     0.16    0.11
HD120571    ---  0.16   0.11    0.11   0.18   0.11   0.09   0.10  0.29   0.14    0.15     0.09    0.15
HD120620    ---  0.24   0.09    0.08   0.15   0.17   0.10   0.10  0.17   0.16    0.29     0.23    0.14
HD122687   	0.13 0.23   0.16    0.10   0.14  0.09   0.07   0.10  0.08   0.15    0.17     0.18    0.20
HD123396   	0.11 0.28   0.07    0.14   0.15  0.11   0.16   0.09  0.17   0.15     0.11     0.14    0.08
HD123701   	0.11 0.13   0.06    0.11   0.16  0.10   0.07   0.04   0.14   0.14    0.19     0.12    0.16
HD123949   	0.15 0.31   0.07    0.12   0.05   0.14   0.06   0.18  0.31   0.12    0.21     0.18    0.13
HD126313    ---  0.28   0.13    0.18   0.19   0.14   0.14   0.09  0.11   0.18    0.18     0.15    0.11
HD130255   	0.12 0.11   ---     0.05   0.12  0.06   0.13   0.10  0.18   0.12     0.06     0.16    0.10
HD131670    ---  0.07   0.09    0.16   0.10   0.15   0.12   0.12  0.08   0.12    0.15     0.16    0.10
HD136636    ---  0.17   0.17    0.12   0.16   0.08   0.20   0.14	0.05   0.15    0.13     0.10    0.17
HD142571    ---  0.08   0.10    0.12   0.07   0.13   0.04   0.12  0.12   0.14    0.22     0.11    0.19
HD143899    0.15 0.14   0.36    0.09   0.12  0.09   0.13   0.09  0.17   0.11    0.15     0.16    0.12
HD147884    ---  0.11   0.29    0.11   0.10  0.09   0.07   0.09  0.15   0.08     0.07     0.12    0.12
HD148177    ---  0.18   0.08    0.21   0.05   0.16   0.07   0.13  0.38   0.13    0.17     0.12    0.15
HD154430    ---  0.19   0.12    0.20   0.11   0.19    ---       0.10  0.21   0.12    0.25     0.16    0.11
HD162806    ---  0.23   0.13    0.18   0.13   0.16   0.12   0.12  0.05   0.16    0.16     0.17    0.08
HD168214    0.13 0.17   0.17    0.08   0.11  0.10   0.14   0.12  0.17   0.13    0.05     0.09    0.10
HD168560    ---  0.22   0.19    0.13   0.18   0.09   0.07   0.15  0.15   0.14    0.16     0.13    0.15
HD168791    ---     0.23   0.07    0.16   0.20   0.16   0.15   0.15  0.03   0.18    0.16     0.20    0.22
HD176105    ---  0.19   0.14    0.16   0.04   0.14   ---    0.18	0.09   0.15    0.08     0.15    0.15
HD177192    ---  0.16   0.10    0.09   0.18   0.17   0.14   0.14  0.15   0.14    0.11     0.06    0.15
HD180996    ---  0.18   0.08    0.13   0.15   0.13   0.06   0.12  0.16   0.14    0.16     0.13    0.17
HD182300    ---  0.14   0.12    0.18   0.13   0.16   0.13   0.15  0.12   0.17    0.14     0.12    0.15
HD183915    0.18 0.29   ---        0.16   0.20   0.16   0.16   0.13  0.13   0.17    0.25     0.18    0.13
HD187308    0.19 0.17   0.19    0.10   0.12  0.07   0.18   0.10  0.17   0.13    0.09     0.16    0.15
HD193530    ---  0.16   0.12    0.14   0.07   0.17   0.01   0.15  0.36   0.16    0.11     0.18    0.15
HD196445    ---  0.15   0.05    0.16   0.27   0.21   ---       0.09  0.20   0.14    ---      0.21    0.14
HD199435    0.09 0.24   0.08    0.16   0.09   0.08   0.12   0.12  0.07   0.06    0.14     0.18    0.15
HD200995    0.10 0.13   0.21    0.18   0.14   0.08   0.19   0.20  0.07   0.19    0.28     0.22    0.11
HD201657   	0.15 0.18   0.11    0.17   0.18   0.12   0.24   0.11	0.24   0.14    0.38     0.19    0.13
HD201824   	0.24 0.16   0.13    0.11   0.12  0.13   0.13   0.08	0.19   0.12    0.02     0.24    0.10
HD204075   	---  0.14   0.09    0.19   0.13   0.15   0.17   0.16	---    0.18    0.21     0.09    0.14
HD207277   	---  0.24   0.09    0.15   0.20   0.04   0.04   0.15	0.15   0.16    0.23     0.17    0.12
HD210709   	---  0.17   0.11    0.09   0.13   0.14   0.06   0.10	0.16   0.16    0.12     0.26    0.08
HD210946   	---  0.19   0.12    0.11   0.15  0.11   0.09   0.15	0.11   0.12    0.14     0.13    0.16
HD211173   	0.14 0.15   0.09    0.09   0.13  0.12   0.05   0.10	0.06   0.09    0.11     0.08    0.09
HD211594   	0.17 0.15   0.01    0.15   0.21  0.13   0.25   0.08	0.09   0.12     0.16     0.19    0.17
HD211954   	0.07 0.18   0.11    0.14   0.08   0.19   ---    0.16	0.17   0.03     0.14     0.20    0.13
HD214579   	0.19 0.20  0.12    0.12   0.12   0.17   0.05   0.15	0.20   0.09     0.23     0.18    0.16
HD217143   	---  0.10   0.09    0.14   0.15  0.16   0.11   0.12	0.12   0.16    0.37     0.12    0.13
HD217447   	0.13 0.18   0.17    0.12   0.11  0.05   0.07   0.12  0.07   0.12    0.14     0.17    0.15
HD219116   	0.16 0.22   0.10    0.13   0.22  0.11    0.10   0.07  0.19   0.15    0.17     0.08    0.14
HD223586   	---  0.19   0.04    0.11   0.14   0.15   0.12   0.14  0.25   0.14    0.12     0.13    0.14
HD223617   	---  0.18  0.06    0.13   0.16   0.11   0.04   0.14  0.11   0.13    0.14     0.11    0.12
HD252117   	---  0.18   0.11    0.15   0.19   0.12   0.16   0.15  0.15   0.09     0.24     0.20    0.11
HD273845   	0.12 0.12   0.06    0.16   0.15   0.13   0.14   0.11  0.15   0.16     0.26     0.23    0.14
HD288174   	---  0.20   0.13    0.12   0.15   0.12   0.10   0.14  0.08   0.09    0.12     0.18    0.13
MFU112     	---  0.03   0.18    0.09   0.23  0.02    0.28   0.11  0.12   0.15    0.10     0.03    0.11
BD-18821   	0.14 0.13   0.15    0.09   0.12  0.07   0.08   0.09  0.23   0.16    0.23     0.14    0.09
CD-267844   ---  0.13   0.13    0.09   0.08   0.07   0.04   0.09	0.12   0.09    0.09     0.18    0.12
CD-309005   ---  0.09   0.15    ---    ---    0.07   0.09   0.11  0.08   0.13    0.13     0.18    0.13
CD-346139   ---  0.18   0.14    0.10   0.12   0.11   0.07   0.16  0.07   0.12     0.11     0.11    0.11
CD-347430   ---  0.23   0.06    0.11   0.06   0.15   0.05   0.14  0.07   0.13     0.16     0.10    0.15
CD-463977   ---  0.16   0.06    0.11   0.15  0.10   0.04   0.10  0.02   0.11    0.09     0.02    0.17
HD5322     	not a Ba star
HD18182     0.07 0.15  0.15    0.06   0.13  0.15   0.07   0.06  0.13   0.06     0.14     0.12    0.12
HD18361    	---  0.18   0.12    0.09   0.10   0.09   0.08   0.10  0.05   0.06     0.06     0.03    0.16
HD21682    	---  0.06   0.20    0.13   0.10  0.13    0.10   0.09  0.14   0.14     0.07     0.15    0.09
HD21980    	not a Ba star
HD26886     0.14 0.16   0.17    0.11   0.11  0.13   0.08   0.07	0.10   0.16    0.13     0.25    0.11
HD31812     ---  0.19  0.17    0.11   0.13  0.07   0.02   0.09 	0.08   0.07    0.18     0.10    0.09
HD33409     not a Ba star
HD33709     ---  0.19   0.20    0.11   0.12  0.08   0.03   0.11 	0.11   0.10     0.10     0.25    0.08
HD39778     ---  0.15   0.12    0.11   0.14  0.11   0.07   0.12 	0.02   0.12    0.17     0.15    0.10
HD41701     ---  0.19   0.15    0.10   0.07   0.08   0.04   0.13 	0.11   0.15    0.17     0.13    0.11
HD42700     not a Ba star
HD45483     ---  0.16   0.22    0.11   0.09   0.11   0.11   0.11 	0.08   0.14    0.07     0.10    0.17
HD48814     ---  0.16   0.13    0.08   0.11   0.07   0.04   0.11 	0.07   0.18    0.10     0.12    0.12
HD49017     ---  0.13   0.26    0.07   0.09  0.08   0.06   0.09 	0.11   0.05     0.09     0.20    0.08
HD49661     ---  0.18   0.18    0.07   0.11  0.07   0.06   0.11	0.12   0.10     0.18     0.16    0.15
HD49778     0.09 0.24   0.21    0.16   0.16  0.04   0.04   0.04  0.18   0.11    0.10     0.07    0.10
HD50075     ---  0.15   0.10    0.11   0.14  0.14   0.01   0.08  0.07   0.08    0.11     0.11    0.09
HD50843     0.15 0.17   0.17    0.11   0.17  0.09   0.04   0.08  0.21   0.18    0.03     0.21    0.10
HD51315     not a Ba star
HD53199     0.17 0.22   0.11    0.15   0.14  0.09   0.04   0.09  0.06   0.09     0.14     0.19    0.10
HD58121     ---  0.15   0.15    0.08   ---    0.10   0.05   0.14  0.07   0.17    0.14     0.09    0.16
HD62017     0.17 0.13   0.15    0.11   0.19  0.09   0.07   0.14  0.14   0.10     0.14     0.14    0.10
HD88495     ---  0.22   0.09    0.06   0.12   0.08   0.07   0.11  0.11   0.17    0.13     0.13    0.12
HD90167     ---  0.17   0.24    0.07   0.13  0.15   0.12   0.08  0.16   0.20     0.08     0.13    0.12
HD95193     ---  0.17   0.12    0.13   0.07   0.05   0.07   0.11	0.08   0.09    0.08     0.16    0.12
HD95345     not a Ba star
HD107270    ---  0.13   0.14    0.07   0.09   0.11   0.10   0.14  ---    0.18    ---      0.14    0.09
HD109061    0.17 0.25   0.13    0.13   0.14  0.09   0.03   0.07  0.15   0.07     0.05     0.05    0.10
HD113195    ---  0.17   0.18    0.14   0.16  0.13   0.05   0.08  0.15   0.14    0.07     0.19    0.14
HD115277    ---  0.17   0.10    0.09   0.05   0.09   0.01   0.13  0.15   0.15    0.12     0.16    0.14
HD119650    ---  0.05   0.13    0.14   0.11   0.15   0.05   0.15  0.14   0.05     0.16     0.10    0.18
HD134698    0.04 0.16   0.11    0.13   0.15  0.13   0.05   0.12  ---    0.17    0.11     0.11    0.18
HD139266    ---  0.06   0.12    0.16   0.06   0.18   0.08   0.11  0.29   0.14    0.31     0.14    0.18
HD139409    0.18 0.17   0.10    0.07   0.15  0.18   0.11   0.10  0.13   0.13    0.10     0.14    0.10
HD142491    not a Ba star
HD147136    not a Ba star
HD148892    ---  0.13   0.04    0.14   0.12  0.08   0.09   0.12  0.19   0.14    0.15     0.14    0.08
HD168986    not a Ba star
HD169106    ---  0.08   0.12    0.15   0.15   0.06   0.03   0.11  0.03   0.12    0.10     0.14    0.10
HD174204    not a Ba star
HD184001    ---  0.20   0.09    0.08   0.14  0.10   0.04   0.09  0.21   0.15    0.13     0.14    0.16
HD204886    ---  0.24   0.26    0.07   0.08   0.15    ---    0.12  0.13
HD212484    not a Ba star
HD213084    ---  0.16   0.14    0.09   0.13  0.13   0.04   0.08  0.07   0.16    0.09     0.08    0.12
HD223938    0.07 0.12   0.12    0.09   0.10   0.12   0.09   0.10 	0.17   0.11     0.09     0.19    0.12
MFU214      ---  0.18   ---     0.12   0.03   0.07   0.04   0.11 	0.17   0.12    0.06     0.10    0.07
MFU229      ---  0.16   0.11    0.10   0.05   0.09   0.05   0.10 	0.07   0.12    0.11     0.22    0.10
HD12392     ---  0.18   0.24    0.12   0.12  0.12   0.04   0.13 	0.21   0.17    0.16     0.16    0.15
HD17067     ---  0.25   0.15    0.09   0.19   0.18   ---    0.12 	0.16   0.17    0.27     0.13    0.08
HD90127     ---  0.22   0.05    0.09   0.12   0.16   ---    0.10  	0.17   0.16    0.07     0.13    0.16
HD102762    ---  0.41   0.13    0.27   0.06   0.13   0.16   0.18 	0.36   0.17    0.02     0.19    0.14
HD114678    0.13 0.10   0.16    0.09   0.17  0.06   0.11   0.05 	0.10   0.12     0.20     0.14    0.11
HD180622    ---     0.10   0.13    0.14   ---       0.17   0.01   0.14 	0.15   0.17    0.22     0.07    0.17
HD200063    ---  0.13   0.13    0.15   0.15   0.11   ---       0.11 	0.12   0.18    0.46     0.26    0.18
HD210030    ---  0.16   0.15    0.16   0.14   0.09   0.02   0.13 	0.13   0.06    0.07     0.11    0.17
HD214889    0.16 0.11   0.12    0.16   0.10  0.11   0.05   0.12 	0.11   0.12    0.08     0.18    0.12
HD215555    ---  0.18   0.29    0.12   0.10  0.09   0.11   0.09 	0.11   0.15    0.09     0.13    0.06
HD216809    ---     0.12   0.02    0.10   ---    0.14    ---       0.11 	0.39   0.14    0.22     0.19    0.17
HD221879    ---  0.12   0.18    0.17   ---    0.15    ---    0.11 	0.27   0.15    0.25     0.11    0.17
BD-01302    not a Ba star
HD749       0.19 0.16   0.11    0.08   0.17  0.13   0.08   0.11 	0.13   0.12    0.05     0.13    0.08
HD88927     ---  0.11   0.14    0.11   0.11   0.09   0.00   0.13 	0.12   0.16    0.14     0.17    0.06
HD211221    not a Ba star
BD+092384   0.07 0.12  0.14    0.11   0.08   0.05   0.15   0.08 	0.06   0.15     0.15     0.16    0.09
HD89638     0.20 0.18   0.17    0.06   0.12  0.09   0.05   0.09 	0.08   0.09    0.05     0.13    0.09
HD187762    0.14 0.14  0.11    0.08   0.16  0.12   0.07   0.07 	0.30   0.03     0.09     0.21    0.10
